Date,Count,Delta
2023/10/17,24104,0
2023/10/18,24190,86
2023/10/19,24218,28
2023/10/20,24246,28
2023/10/21,24290,44
2023/10/22,24320,30
2023/10/23,24380,60
2023/10/24,24456,76
2023/10/25,24566,110
2023/10/26,24610,44
2023/10/27,24654,44
2023/10/28,24716,62
2023/10/29,24748,32
2023/10/30,24778,30
2023/10/31,24936,158
2023/11/01,25040,104
2023/11/02,25070,30
2023/11/03,25146,76
2023/11/04,25176,30
2023/11/05,25204,28
2023/11/06,25232,28
2023/11/07,25262,30
2023/11/08,25308,46
2023/11/09,25387,79
2023/11/10,25433,46
2023/11/11,25465,32
2023/11/12,25495,30
2023/11/13,25525,30
2023/11/14,25599,74
2023/11/15,25629,30
2023/11/16,25705,76
2023/11/17,25733,28
2023/11/18,25797,64
2023/11/19,25825,28
2023/11/20,25853,28
2023/11/21,25913,60
2023/11/22,25989,76
2023/11/23,26193,204
2023/11/24,26253,60
2023/11/25,26377,124
2023/11/26,26423,46
2023/11/27,26451,28
2023/11/28,26511,60
2023/11/29,26619,108
2023/11/30,26727,108
2023/12/01,26757,30
2023/12/02,26807,50
2023/12/03,26837,30
2023/12/04,26881,44
2023/12/05,26941,60
2023/12/06,27049,108
2023/12/07,27093,44
2023/12/08,27169,76
2023/12/09,27197,28
2023/12/10,27225,28
2023/12/11,27255,30
2023/12/12,27299,44
2023/12/13,27467,168
2023/12/14,27513,46
2023/12/15,27821,308
2023/12/16,27913,92
2023/12/17,27941,28
2023/12/18,27969,28
2023/12/19,28179,210
2023/12/20,28227,48
2023/12/21,28269,42
2023/12/22,28363,94
2023/12/23,28391,28
2023/12/24,28419,28
2023/12/25,28447,28
2023/12/26,28475,28
2023/12/27,28503,28
2023/12/28,28531,28
2023/12/29,28561,30
2023/12/30,28591,30
2023/12/31,28623,32
2024/01/01,28655,32
2024/01/02,28687,32
2024/01/03,28721,34
2024/01/04,28787,66
2024/01/05,28821,34
2024/01/06,28873,52
2024/01/07,28907,34
2024/01/08,28941,34
2024/01/09,28975,34
2024/01/10,29009,34
2024/01/11,29075,66
2024/01/12,29109,34
2024/01/13,29143,34
2024/01/14,29193,50
2024/01/15,29227,34
2024/01/16,29261,34
2024/01/17,30002,741
2024/01/18,30068,66
2024/01/19,30150,82
2024/01/20,30232,82
2024/01/21,30266,34
2024/01/22,30300,34
2024/01/23,30382,82
2024/01/24,30450,68
2024/01/25,30532,82
2024/01/26,30566,34
2024/01/27,30600,34
2024/01/28,30636,36
2024/01/29,30672,36
2024/01/30,30758,86
2024/01/31,30826,68
2024/02/01,30880,54
2024/02/02,31034,154
2024/02/03,31072,38
2024/02/04,31110,38
2024/02/05,31148,38
2024/02/06,31188,40
2024/02/07,31274,86
2024/02/08,31330,56
2024/02/09,31366,36
2024/02/10,31434,68
2024/02/11,31470,36
2024/02/12,31506,36
2024/02/13,31544,38
2024/02/14,31613,69
2024/02/15,31836,223
2024/02/16,32079,243
2024/02/17,32115,36
2024/02/18,32151,36
2024/02/19,32187,36
2024/02/20,32313,126
2024/02/21,32391,78
2024/02/22,32437,46
2024/02/23,32471,34
2024/02/24,32509,38
2024/02/25,32545,36
2024/02/26,32581,36
2024/02/27,32622,41
2024/02/28,32694,72
2024/02/29,32772,78
2024/03/01,32970,198
2024/03/02,33038,68
2024/03/03,33090,52
2024/03/04,33126,36
2024/03/05,33162,36
2024/03/06,33214,52
2024/03/07,33282,68
2024/03/08,33440,158
2024/03/09,33512,72
2024/03/10,33549,37
2024/03/11,33585,36
2024/03/12,33653,68
2024/03/13,33705,52
2024/03/14,33757,52
2024/03/15,33813,56
2024/03/16,33865,52
2024/03/17,33901,36
2024/03/18,33937,36
2024/03/19,33989,52
2024/03/20,34073,84
2024/03/21,34125,52
2024/03/22,34161,36
2024/03/23,34277,116
2024/03/24,34313,36
2024/03/25,34349,36
2024/03/26,34483,134
2024/03/27,34567,84
2024/03/28,34683,116
2024/03/29,34819,136
2024/03/30,34882,63
2024/03/31,34932,50
2024/04/01,34999,67
2024/04/02,35035,36
2024/04/03,35097,62
2024/04/04,35208,111
2024/04/05,35431,223
2024/04/06,35629,198
2024/04/07,35670,41
2024/04/08,35717,47
2024/04/09,35758,41
2024/04/10,35827,69
2024/04/11,36143,316
2024/04/12,36302,159
2024/04/13,36372,70
2024/04/14,36412,40
2024/04/15,36434,22
2024/04/16,36504,70
2024/04/17,36624,120
2024/04/18,36693,69
2024/04/19,36788,95
2024/04/20,36920,132
2024/04/21,36961,41
2024/04/22,36994,33
2024/04/23,37185,191
2024/04/24,37232,47
2024/04/25,37502,270
2024/04/26,37851,349
2024/04/27,37996,145
2024/04/28,38052,56
2024/04/29,38076,24
2024/04/30,38246,170
2024/05/01,38308,62
2024/05/02,38362,54
2024/05/03,38692,330
2024/05/04,38958,266
2024/05/05,39016,58
2024/05/06,39106,90
2024/05/07,39228,122
2024/05/08,39466,238
2024/05/09,39658,192
2024/05/10,39830,172
2024/05/11,39914,84
2024/05/12,39958,44
2024/05/13,40016,58
2024/05/14,40042,26
2024/05/15,40120,78
2024/05/16,40236,116
2024/05/17,40530,294
2024/05/18,40658,128
2024/05/19,40692,34
2024/05/20,40718,26
2024/05/21,40900,182
2024/05/22,41509,609
2024/05/23,41539,30
2024/05/24,41573,34
2024/05/25,41603,30
2024/05/26,41633,30
2024/05/27,41663,30
2024/05/28,41695,32
2024/05/29,41725,30
2024/05/30,41787,62
2024/05/31,41865,78
2024/06/01,41909,44
2024/06/02,41953,44
2024/06/03,41988,35
2024/06/04,42032,44
2024/06/05,42060,28
2024/06/06,42120,60
2024/06/07,42148,28
2024/06/08,42178,30
2024/06/09,42208,30
2024/06/10,42240,32
2024/06/11,42272,32
2024/06/12,42336,64
2024/06/13,42384,48
2024/06/14,42416,32
2024/06/15,42448,32
2024/06/16,42481,33
2024/06/17,42513,32
2024/06/18,42545,32
2024/06/19,42575,30
2024/06/20,42621,46
2024/06/21,42651,30
2024/06/22,42729,78
2024/06/23,42759,30
2024/06/24,42791,32
2024/06/25,42855,64
2024/06/26,42887,32
2024/06/27,42951,64
2024/06/28,42985,34
2024/06/29,43067,82
2024/06/30,43101,34
2024/07/01,43135,34
2024/07/02,43171,36
2024/07/03,43205,34
2024/07/04,43247,42
2024/07/05,43281,34
2024/07/06,43316,35
2024/07/07,43350,34
2024/07/08,43384,34
2024/07/09,43418,34
2024/07/10,43454,36
2024/07/11,43523,69
2024/07/12,43637,114
2024/07/13,43687,50
2024/07/14,43721,34
2024/07/15,43755,34
2024/07/16,43805,50
2024/07/17,43903,98
2024/07/18,43985,82
2024/07/19,44019,34
2024/07/20,44055,36
2024/07/21,44092,37
2024/07/22,44126,34
2024/07/23,44176,50
2024/07/24,44242,66
2024/07/25,44278,36
2024/07/26,44315,37
2024/07/27,44350,35
2024/07/28,44382,32
2024/07/29,44416,34
2024/07/30,44450,34
2024/07/31,44576,126
2024/08/01,44697,121
2024/08/02,44773,76
2024/08/03,44799,26
2024/08/04,44827,28
2024/08/05,44857,30
2024/08/06,44883,26
2024/08/07,44912,29
2024/08/08,44940,28
2024/08/09,44982,42
2024/08/10,45038,56
2024/08/11,45062,24
2024/08/12,45086,24
2024/08/13,45112,26
2024/08/14,45136,24
2024/08/15,45178,42
2024/08/16,45206,28
2024/08/17,45230,24
2024/08/18,45254,24
2024/08/19,45280,26
2024/08/20,45304,24
2024/08/21,45379,75
2024/08/22,45403,24
2024/08/23,45482,79
2024/08/24,45510,28
2024/08/25,45536,26
2024/08/26,45560,24
2024/08/27,45652,92
2024/08/28,45776,124
2024/08/29,45848,72
2024/08/30,45924,76
2024/08/31,45948,24
2024/09/01,45972,24
2024/09/02,45996,24
2024/09/03,46042,46
2024/09/04,46141,99
2024/09/05,46153,12
2024/09/06,46173,20
2024/09/07,46187,14
2024/09/08,46199,12
2024/09/09,46211,12
2024/09/10,46263,52
2024/09/11,46283,20
2024/09/12,46296,13
2024/09/13,46332,36
2024/09/14,46406,74
2024/09/15,46426,20
2024/09/16,46451,25
2024/09/17,46471,20
2024/09/18,46485,14
2024/09/19,46498,13
2024/09/20,46511,13
2024/09/21,46540,29
2024/09/22,46552,12
2024/09/23,46564,12
2024/09/24,46577,13
2024/09/25,46590,13
2024/09/26,47605,1015
2024/09/27,47628,23
2024/09/28,47669,41
2024/09/29,47683,14
2024/09/30,47695,12
2024/10/01,47761,66
2024/10/02,47805,44
2024/10/03,47842,37
2024/10/04,47894,52
2024/10/05,47906,12
2024/10/06,47919,13
2024/10/07,47931,12
2024/10/08,47943,12
2024/10/09,47972,29
2024/10/10,47984,12
2024/10/11,48021,37
2024/10/12,48033,12
2024/10/13,48047,14
2024/10/14,48060,13
2024/10/15,48072,12
2024/10/16,48085,13
2024/10/17,48185,100
2024/10/18,48208,23
2024/10/19,48221,13
2024/10/20,48234,13
2024/10/21,48246,12
2024/10/22,48259,13
2024/10/23,48272,13
2024/10/24,48285,13
2024/10/25,48297,12
2024/10/26,48309,12
2024/10/27,48321,12
2024/10/28,48333,12
2024/10/29,48345,12
2024/10/31,48388,43
2024/11/01,48399,11
2024/11/02,48406,7
2024/11/03,48413,7
2024/11/04,48420,7
2024/11/05,48434,14
2024/11/06,48442,8
2024/11/07,48456,14
2024/11/08,48477,21
2024/11/09,48498,21
2024/11/10,48503,5
2024/11/11,48508,5
2024/11/12,48521,13
2024/11/13,48534,13
2024/11/14,48555,21
2024/11/15,48560,5
2024/11/16,48573,13
2024/11/17,48578,5
2024/11/18,48584,6
2024/11/19,48598,14
2024/11/20,48603,5
2024/11/21,48674,71
2024/11/22,48687,13
2024/11/23,48724,37
2024/11/24,48729,5
2024/11/25,48737,8
2024/11/26,48743,6
2024/11/27,48822,79
2024/11/28,48857,35
2024/11/29,48879,22
2024/11/30,48897,18
2024/12/01,48918,21
2024/12/02,48942,24
2024/12/03,49020,78
2024/12/04,49034,14
2024/12/05,49057,23
2024/12/06,49123,66
2024/12/07,49192,69
2024/12/08,49208,16
2024/12/09,49213,5
2024/12/10,49218,5
2024/12/11,49242,24
2024/12/12,49283,41
2024/12/13,49295,12
2024/12/14,49302,7
2024/12/15,49310,8
2024/12/16,49318,8
2024/12/17,49340,22
2024/12/18,49402,62
2024/12/19,49469,67
2024/12/20,49517,48
2024/12/21,49533,16
2024/12/22,49537,4
2024/12/23,49541,4
2024/12/24,49562,21
2024/12/25,49566,4
2024/12/26,49571,5
2024/12/27,49576,5
2024/12/28,49581,5
2024/12/29,49585,4
2024/12/30,49589,4
2024/12/31,49609,20
2025/01/01,49613,4
2025/01/02,49617,4
2025/01/03,49723,106
2025/01/04,49741,18
2025/01/05,49745,4
2025/01/06,49750,5
2025/01/07,49754,4
2025/01/08,49774,20
2025/01/09,49792,18
2025/01/10,49801,9
2025/01/11,49805,4
2025/01/12,49809,4
2025/01/13,49813,4
2025/01/14,49841,28
2025/01/15,49929,88
2025/01/16,49956,27
2025/01/17,49992,36
2025/01/18,50023,31
2025/01/19,50026,3
2025/01/20,50029,3
2025/01/21,50072,43
2025/01/22,50075,3
2025/01/23,50150,75
2025/01/24,50281,131
2025/01/25,50335,54
2025/01/26,50338,3
2025/01/27,50341,3
2025/01/28,50377,36
2025/01/29,50390,13
2025/01/30,50409,19
2025/01/31,50436,27
2025/02/01,50492,56
2025/02/02,50495,3
2025/02/03,50496,1
2025/02/04,50527,31
2025/02/05,50563,36
2025/02/06,50572,9
2025/02/07,50581,9
2025/02/08,50583,2
2025/02/09,50584,1
2025/02/10,50585,1
2025/02/11,50586,1
2025/02/12,50587,1
2025/02/13,50619,32
2025/02/14,50628,9
2025/02/15,50637,9
2025/02/16,50638,1
2025/02/17,50639,1
2025/02/18,50672,33
2025/02/19,50681,9
2025/02/20,50682,1
2025/02/21,51074,392
2025/02/22,51074,0
2025/02/23,51075,1
2025/02/24,51076,1
2025/02/25,51077,1
2025/02/26,51079,2
2025/02/27,51081,2
2025/02/28,51096,15
2025/03/01,51097,1
2025/03/02,51098,1
2025/03/03,51099,1
2025/03/04,51100,1
2025/03/05,51101,1
2025/03/06,51102,1
2025/03/07,51104,2
2025/03/08,51105,1
2025/03/09,51107,2
2025/03/10,51109,2
2025/03/11,51134,25
2025/03/12,51135,1
2025/03/13,51186,51
2025/03/14,51187,1
2025/03/15,51205,18
2025/03/16,51206,1
2025/03/17,51207,1
2025/03/18,51223,16
2025/03/19,51246,23
2025/03/20,51247,1
2025/03/21,51248,1
2025/03/22,51249,1
2025/03/23,51250,1
2025/03/24,51251,1
2025/03/25,51318,67
2025/03/26,51319,1
2025/03/27,51320,1
2025/03/28,51321,1
2025/03/29,51330,9
2025/03/30,51331,1
2025/03/31,51348,17
2025/04/01,51349,1
2025/04/02,51350,1
2025/04/03,51705,355
2025/04/04,51713,8
2025/04/05,51714,1
2025/04/06,51715,1
2025/04/07,51717,2
2025/04/08,51721,4
2025/04/09,51738,17
2025/04/10,51740,2
2025/04/11,51741,1
2025/04/12,51823,82
2025/04/13,51824,1
2025/04/14,51825,1
2025/04/15,51828,3
2025/04/16,51835,7
2025/04/17,51860,25
2025/04/18,51865,5
2025/04/19,51900,35
2025/04/20,51901,1
2025/04/21,51902,1
2025/04/22,51903,1
2025/04/23,51904,1
2025/04/24,51913,9
2025/04/25,51914,1
2025/04/26,51915,1
2025/04/27,51916,1
2025/04/28,51917,1
2025/04/29,51918,1
2025/04/30,51945,27
2025/05/01,51946,1
2025/05/02,51947,1
2025/05/03,51953,6
2025/05/04,51954,1
2025/05/05,51960,6
2025/05/06,51961,1
2025/05/07,51962,1
2025/05/08,51976,14
2025/05/09,51977,1
2025/05/10,52010,33
2025/05/11,52011,1
2025/05/12,52012,1
2025/05/13,52029,17
2025/05/14,52045,16
2025/05/15,52078,33
2025/05/16,52083,5
2025/05/17,52094,11
2025/05/18,52106,12
2025/05/19,52107,1
2025/05/20,52122,15
2025/05/21,52131,9
2025/05/22,52140,9
2025/05/23,52141,1
2025/05/24,52158,17
2025/05/25,52176,18
2025/05/26,52177,1
2025/05/27,52250,73
2025/05/28,52315,65
2025/05/29,52380,65
2025/05/30,52397,17
2025/05/31,52406,9
2025/06/01,52431,25
2025/06/02,52432,1
2025/06/03,52433,1
2025/06/04,52482,49
2025/06/05,52515,33
2025/06/06,52532,17
2025/06/07,52565,33
2025/06/08,52566,1
2025/06/09,52567,1
2025/06/10,52584,17
2025/06/11,52713,129
2025/06/12,52834,121
2025/06/13,52915,81
2025/06/14,53020,105
2025/06/15,53021,1
2025/06/16,53022,1
2025/06/17,53063,41
2025/06/18,53096,33
2025/06/19,53137,41
2025/06/20,53178,41
2025/06/21,53219,41
2025/06/22,53220,1
2025/06/23,53221,1
2025/06/24,53296,75
2025/06/25,53370,74
2025/06/26,53445,75
2025/06/27,53480,35
2025/06/28,53557,77
2025/06/29,53558,1
2025/06/30,53559,1
2025/07/01,53624,65
2025/07/02,53650,26
2025/07/03,53683,33
2025/07/04,53684,1
2025/07/05,53701,17
2025/07/06,53702,1
2025/07/07,53703,1
2025/07/08,53735,32
2025/07/09,53753,18
2025/07/10,53811,58
2025/07/11,53831,20
2025/07/12,53844,13
2025/07/13,53860,16
2025/07/14,53877,17
2025/07/15,53878,1
2025/07/16,53895,17
2025/07/17,53905,10
2025/07/18,53908,3
2025/07/19,53909,1
2025/07/20,53910,1
2025/07/21,53911,1
2025/07/22,53920,9
2025/07/23,53921,1
2025/07/24,54035,114
2025/07/25,54036,1
2025/07/26,54038,2
2025/07/27,54039,1
2025/07/28,54045,6
2025/07/29,54046,1
2025/07/30,54153,107
2025/07/31,54268,115
2025/08/01,54285,17
2025/08/02,54287,2
2025/08/03,54288,1
2025/08/04,54291,3
2025/08/05,54292,1
2025/08/06,54293,1
2025/08/07,54325,32
2025/08/08,54342,17
2025/08/09,54359,17
2025/08/10,54361,2
2025/08/11,54364,3
2025/08/12,54374,10
2025/08/13,54438,64
2025/08/14,54463,25
2025/08/15,54464,1
2025/08/16,54481,17
2025/08/17,54532,51
2025/08/18,54597,65
2025/08/19,54656,59
2025/08/20,55161,505
