Date,Count,Delta
2023/10/26,3209418,0
2023/10/27,3216978,7560
2023/10/28,3222888,5910
2023/10/29,3226237,3349
2023/10/30,3229857,3620
2023/10/31,3237163,7306
2023/11/01,3244321,7158
2023/11/02,3251202,6881
2023/11/03,3258777,7575
2023/11/04,3265110,6333
2023/11/05,3268397,3287
2023/11/06,3271805,3408
2023/11/07,3278300,6495
2023/11/08,3285307,7007
2023/11/09,3291836,6529
2023/11/10,3298445,6609
2023/11/11,3303806,5361
2023/11/12,3307553,3747
2023/11/13,3311282,3729
2023/11/14,3318840,7558
2023/11/15,3325753,6913
2023/11/16,3332870,7117
2023/11/17,3340874,8004
2023/11/18,3350192,9318
2023/11/19,3353899,3707
2023/11/20,3357826,3927
2023/11/21,3365651,7825
2023/11/22,3375546,9895
2023/11/23,3384243,8697
2023/11/24,3391310,7067
2023/11/25,3397401,6091
2023/11/26,3400910,3509
2023/11/27,3405138,4228
2023/11/28,3413245,8107
2023/11/29,3421409,8164
2023/11/30,3429799,8390
2023/12/01,3437084,7285
2023/12/02,3444686,7602
2023/12/03,3448066,3380
2023/12/04,3451568,3502
2023/12/05,3459458,7890
2023/12/06,3466827,7369
2023/12/07,3473795,6968
2023/12/08,3481499,7704
2023/12/09,3487500,6001
2023/12/10,3491155,3655
2023/12/11,3494681,3526
2023/12/12,3502387,7706
2023/12/13,3510292,7905
2023/12/14,3516574,6282
2023/12/15,3523501,6927
2023/12/16,3530007,6506
2023/12/17,3533400,3393
2023/12/18,3536793,3393
2023/12/19,3543430,6637
2023/12/20,3549371,5941
2023/12/21,3556205,6834
2023/12/22,3562635,6430
2023/12/23,3567882,5247
2023/12/24,3571201,3319
2023/12/25,3574870,3669
2023/12/26,3579399,4529
2023/12/27,3583974,4575
2023/12/28,3588542,4568
2023/12/29,3593444,4902
2023/12/30,3597580,4136
2023/12/31,3601325,3745
2024/01/01,3605104,3779
2024/01/02,3609370,4266
2024/01/03,3615030,5660
2024/01/04,3620919,5889
2024/01/05,3626851,5932
2024/01/06,3631833,4982
2024/01/07,3635044,3211
2024/01/08,3638382,3338
2024/01/09,3644827,6445
2024/01/10,3651137,6310
2024/01/11,3657121,5984
2024/01/12,3663109,5988
2024/01/13,3669508,6399
2024/01/14,3673306,3798
2024/01/15,3676646,3340
2024/01/16,3681552,4906
2024/01/17,3687268,5716
2024/01/18,3691659,4391
2024/01/19,3696139,4480
2024/01/20,3700655,4516
2024/01/21,3703330,2675
2024/01/22,3705845,2515
2024/01/23,3711495,5650
2024/01/24,3717342,5847
2024/01/25,3723449,6107
2024/01/26,3730552,7103
2024/01/27,3736223,5671
2024/01/28,3741161,4938
2024/01/29,3745737,4576
2024/01/30,3752435,6698
2024/01/31,3759299,6864
2024/02/01,3765743,6444
2024/02/02,3772229,6486
2024/02/03,3778230,6001
2024/02/04,3782630,4400
2024/02/05,3787444,4814
2024/02/06,3794459,7015
2024/02/07,3801482,7023
2024/02/08,3808538,7056
2024/02/09,3815429,6891
2024/02/10,3821542,6113
2024/02/11,3825058,3516
2024/02/12,3828801,3743
2024/02/13,3834783,5982
2024/02/14,3841391,6608
2024/02/15,3847662,6271
2024/02/16,3853712,6050
2024/02/17,3859115,5403
2024/02/18,3862864,3749
2024/02/19,3867421,4557
2024/02/20,3873200,5779
2024/02/21,3880796,7596
2024/02/22,3888368,7572
2024/02/23,3896490,8122
2024/02/24,3903422,6932
2024/02/25,3908022,4600
2024/02/26,3912885,4863
2024/02/27,3919988,7103
2024/02/28,3927696,7708
2024/02/29,3935513,7817
2024/03/01,3942444,6931
2024/03/02,3949755,7311
2024/03/03,3954827,5072
2024/03/04,3960063,5236
2024/03/05,3966608,6545
2024/03/06,3973263,6655
2024/03/07,3979498,6235
2024/03/08,3986084,6586
2024/03/09,3992794,6710
2024/03/10,3997399,4605
2024/03/11,4001758,4359
2024/03/12,4007643,5885
2024/03/13,4014290,6647
2024/03/14,4020997,6707
2024/03/15,4027987,6990
2024/03/16,4033688,5701
2024/03/17,4037644,3956
2024/03/18,4041895,4251
2024/03/19,4048109,6214
2024/03/20,4054311,6202
2024/03/21,4061059,6748
2024/03/22,4067743,6684
2024/03/23,4073656,5913
2024/03/24,4077691,4035
2024/03/25,4082126,4435
2024/03/26,4088535,6409
2024/03/27,4095090,6555
2024/03/28,4100222,5132
2024/03/29,4105533,5311
2024/03/30,4110044,4511
2024/03/31,4114274,4230
2024/04/01,4117956,3682
2024/04/02,4123062,5106
2024/04/03,4129653,6591
2024/04/04,4136078,6425
2024/04/05,4143650,7572
2024/04/06,4150395,6745
2024/04/07,4155439,5044
2024/04/08,4161106,5667
2024/04/09,4168522,7416
2024/04/10,4175602,7080
2024/04/11,4182746,7144
2024/04/12,4190437,7691
2024/04/13,4196528,6091
2024/04/14,4201122,4594
2024/04/15,4205714,4592
2024/04/16,4213384,7670
2024/04/17,4221373,7989
2024/04/18,4228388,7015
2024/04/19,4236191,7803
2024/04/20,4244831,8640
2024/04/21,4249997,5166
2024/04/22,4254497,4500
2024/04/23,4262018,7521
2024/04/24,4269000,6982
2024/04/25,4275697,6697
2024/04/26,4282920,7223
2024/04/27,4288297,5377
2024/04/28,4291244,2947
2024/04/29,4294651,3407
2024/04/30,4300615,5964
2024/05/01,4307287,6672
2024/05/02,4312748,5461
2024/05/03,4319405,6657
2024/05/04,4324734,5329
2024/05/05,4328494,3760
2024/05/06,4332553,4059
2024/05/07,4338107,5554
2024/05/08,4344929,6822
2024/05/09,4352762,7833
2024/05/10,4360561,7799
2024/05/11,4368806,8245
2024/05/12,4374063,5257
2024/05/13,4379847,5784
2024/05/14,4387230,7383
2024/05/15,4395561,8331
2024/05/16,4403933,8372
2024/05/17,4411832,7899
2024/05/18,4419819,7987
2024/05/19,4425282,5463
2024/05/20,4431448,6166
2024/05/21,4438883,7435
2024/05/22,4447081,8198
2024/05/23,4455568,8487
2024/05/24,4463181,7613
2024/05/25,4469294,6113
2024/05/26,4473478,4184
2024/05/27,4478064,4586
2024/05/28,4484816,6752
2024/05/29,4492189,7373
2024/05/30,4499083,6894
2024/05/31,4506962,7879
2024/06/01,4514089,7127
2024/06/02,4518602,4513
2024/06/03,4523884,5282
2024/06/04,4532732,8848
2024/06/05,4541865,9133
2024/06/06,4550187,8322
2024/06/07,4558496,8309
2024/06/08,4566275,7779
2024/06/09,4571671,5396
2024/06/10,4578201,6530
2024/06/11,4586016,7815
2024/06/12,4593639,7623
2024/06/13,4601971,8332
2024/06/14,4610055,8084
2024/06/15,4616471,6416
2024/06/16,4620676,4205
2024/06/17,4625474,4798
2024/06/18,4632950,7476
2024/06/19,4639642,6692
2024/06/20,4646327,6685
2024/06/21,4652761,6434
2024/06/22,4658187,5426
2024/06/23,4661663,3476
2024/06/24,4666182,4519
2024/06/25,4672801,6619
2024/06/26,4679177,6376
2024/06/27,4685874,6697
2024/06/28,4692075,6201
2024/06/29,4696756,4681
2024/06/30,4699725,2969
2024/07/01,4703208,3483
2024/07/02,4709202,5994
2024/07/03,4716253,7051
2024/07/04,4723223,6970
2024/07/05,4729048,5825
2024/07/06,4735110,6062
2024/07/07,4739623,4513
2024/07/08,4743705,4082
2024/07/09,4749299,5594
2024/07/10,4754830,5531
2024/07/11,4760440,5610
2024/07/12,4765883,5443
2024/07/13,4770000,4117
2024/07/14,4772966,2966
2024/07/15,4776000,3034
2024/07/16,4782094,6094
2024/07/17,4788589,6495
2024/07/18,4795115,6526
2024/07/19,4800957,5842
2024/07/20,4806578,5621
2024/07/21,4810361,3783
2024/07/22,4814492,4131
2024/07/23,4821265,6773
2024/07/24,4828250,6985
2024/07/25,4835111,6861
2024/07/26,4840734,5623
2024/07/27,4845657,4923
2024/07/28,4849205,3548
2024/07/29,4853553,4348
2024/07/30,4859468,5915
2024/07/31,4866081,6613
2024/08/01,4873121,7040
2024/08/02,4879386,6265
2024/08/03,4885001,5615
2024/08/04,4888918,3917
2024/08/05,4893006,4088
2024/08/06,4899958,6952
2024/08/07,4907933,7975
2024/08/08,4915914,7981
2024/08/09,4923707,7793
2024/08/10,4929887,6180
2024/08/11,4935006,5119
2024/08/12,4940450,5444
2024/08/13,4947801,7351
2024/08/14,4955186,7385
2024/08/15,4962458,7272
2024/08/16,4967978,5520
2024/08/17,4973107,5129
2024/08/18,4976358,3251
2024/08/19,4979981,3623
2024/08/20,4986124,6143
2024/08/21,4992110,5986
2024/08/22,4999025,6915
2024/08/23,5005291,6266
2024/08/24,5010391,5100
2024/08/25,5014055,3664
2024/08/26,5018467,4412
2024/08/27,5025218,6751
2024/08/28,5031508,6290
2024/08/29,5038095,6587
2024/08/30,5044554,6459
2024/08/31,5050042,5488
2024/09/01,5053504,3462
2024/09/02,5058005,4501
2024/09/03,5064087,6082
2024/09/04,5069405,5318
2024/09/05,5073748,4343
2024/09/06,5077581,3833
2024/09/07,5080934,3353
2024/09/08,5083207,2273
2024/09/09,5085750,2543
2024/09/10,5089388,3638
2024/09/11,5093372,3984
2024/09/12,5097439,4067
2024/09/13,5101965,4526
2024/09/14,5105266,3301
2024/09/15,5107523,2257
2024/09/16,5109806,2283
2024/09/17,5113272,3466
2024/09/18,5116803,3531
2024/09/19,5120307,3504
2024/09/20,5123477,3170
2024/09/21,5126045,2568
2024/09/22,5127525,1480
2024/09/23,5129420,1895
2024/09/24,5132595,3175
2024/09/25,5135826,3231
2024/09/26,5139575,3749
2024/09/27,5143296,3721
2024/09/28,5146758,3462
2024/09/29,5148860,2102
2024/09/30,5151302,2442
2024/10/01,5155070,3768
2024/10/02,5158608,3538
2024/10/03,5162201,3593
2024/10/04,5165429,3228
2024/10/05,5168115,2686
2024/10/06,5169755,1640
2024/10/07,5171641,1886
2024/10/08,5174821,3180
2024/10/09,5178200,3379
2024/10/10,5181599,3399
2024/10/11,5185615,4016
2024/10/12,5189058,3443
2024/10/13,5191021,1963
2024/10/14,5193221,2200
2024/10/15,5197103,3882
2024/10/16,5201046,3943
2024/10/17,5204762,3716
2024/10/18,5208720,3958
2024/10/19,5212033,3313
2024/10/20,5213981,1948
2024/10/21,5216021,2040
2024/10/22,5220811,4790
2024/10/23,5226995,6184
2024/10/24,5232339,5344
2024/10/25,5237241,4902
2024/10/26,5241209,3968
2024/10/27,5243219,2010
2024/10/28,5245853,2634
2024/10/29,5250881,5028
2024/10/31,5261721,10840
2024/11/01,5266421,4700
2024/11/02,5270401,3980
2024/11/03,5272348,1947
2024/11/04,5275188,2840
2024/11/05,5280669,5481
2024/11/06,5285736,5067
2024/11/07,5290846,5110
2024/11/08,5296548,5702
2024/11/09,5300653,4105
2024/11/10,5302415,1762
2024/11/11,5304656,2241
2024/11/12,5307784,3128
2024/11/13,5311767,3983
2024/11/14,5317325,5558
2024/11/15,5322986,5661
2024/11/16,5327348,4362
2024/11/17,5329159,1811
2024/11/18,5331209,2050
2024/11/19,5335792,4583
2024/11/20,5341530,5738
2024/11/21,5346863,5333
2024/11/22,5352521,5658
2024/11/23,5356946,4425
2024/11/24,5359295,2349
2024/11/25,5361968,2673
2024/11/26,5367462,5494
2024/11/27,5372127,4665
2024/11/28,5376240,4113
2024/11/29,5379511,3271
2024/11/30,5383067,3556
2024/12/01,5384932,1865
2024/12/02,5387082,2150
2024/12/03,5390747,3665
2024/12/04,5394879,4132
2024/12/05,5399387,4508
2024/12/06,5403371,3984
2024/12/07,5407003,3632
2024/12/08,5408804,1801
2024/12/09,5410975,2171
2024/12/10,5415508,4533
2024/12/11,5419832,4324
2024/12/12,5423283,3451
2024/12/13,5427229,3946
2024/12/14,5430799,3570
2024/12/15,5432952,2153
2024/12/16,5435262,2310
2024/12/17,5439649,4387
2024/12/18,5444988,5339
2024/12/19,5449229,4241
2024/12/20,5453527,4298
2024/12/21,5457520,3993
2024/12/22,5459385,1865
2024/12/23,5461847,2462
2024/12/24,5465452,3605
2024/12/25,5468517,3065
2024/12/26,5471236,2719
2024/12/27,5473847,2611
2024/12/28,5476236,2389
2024/12/29,5477997,1761
2024/12/30,5480143,2146
2024/12/31,5482717,2574
2025/01/01,5485326,2609
2025/01/02,5487442,2116
2025/01/03,5490377,2935
2025/01/04,5492800,2423
2025/01/05,5494563,1763
2025/01/06,5496595,2032
2025/01/07,5499904,3309
2025/01/08,5503303,3399
2025/01/09,5507141,3838
2025/01/10,5511487,4346
2025/01/11,5515066,3579
2025/01/12,5516801,1735
2025/01/13,5518939,2138
2025/01/14,5522820,3881
2025/01/15,5527778,4958
2025/01/16,5532213,4435
2025/01/17,5536626,4413
2025/01/18,5540914,4288
2025/01/19,5543208,2294
2025/01/20,5545965,2757
2025/01/21,5550375,4410
2025/01/22,5555440,5065
2025/01/23,5560881,5441
2025/01/24,5565794,4913
2025/01/25,5570359,4565
2025/01/26,5572931,2572
2025/01/27,5575617,2686
2025/01/28,5580720,5103
2025/01/29,5585627,4907
2025/01/30,5591485,5858
2025/01/31,5597470,5985
2025/02/01,5602024,4554
2025/02/02,5604278,2254
2025/02/03,5607192,2914
2025/02/04,5612561,5369
2025/02/05,5619658,7097
2025/02/06,5626848,7190
2025/02/07,5633032,6184
2025/02/08,5637092,4060
2025/02/09,5639445,2353
2025/02/10,5642269,2824
2025/02/11,5646998,4729
2025/02/12,5652315,5317
2025/02/13,5657791,5476
2025/02/14,5663921,6130
2025/02/15,5668642,4721
2025/02/16,5671594,2952
2025/02/17,5674564,2970
2025/02/18,5678796,4232
2025/02/19,5683525,4729
2025/02/20,5689296,5771
2025/02/21,5696686,7390
2025/02/22,5698721,2035
2025/02/23,5701352,2631
2025/02/24,5704048,2696
2025/02/25,5707692,3644
2025/02/26,5713230,5538
2025/02/27,5718535,5305
2025/02/28,5724015,5480
2025/03/01,5728194,4179
2025/03/02,5730654,2460
2025/03/03,5733393,2739
2025/03/04,5737567,4174
2025/03/05,5742816,5249
2025/03/06,5748026,5210
2025/03/07,5753077,5051
2025/03/08,5756639,3562
2025/03/09,5758690,2051
2025/03/10,5761310,2620
2025/03/11,5766110,4800
2025/03/12,5771535,5425
2025/03/13,5776585,5050
2025/03/14,5781420,4835
2025/03/15,5786337,4917
2025/03/16,5788611,2274
2025/03/17,5791595,2984
2025/03/18,5796586,4991
2025/03/19,5801779,5193
2025/03/20,5807019,5240
2025/03/21,5813073,6054
2025/03/22,5818063,4990
2025/03/23,5820346,2283
2025/03/24,5823195,2849
2025/03/25,5828810,5615
2025/03/26,5835597,6787
2025/03/27,5842144,6547
2025/03/28,5847604,5460
2025/03/29,5852200,4596
2025/03/30,5854650,2450
2025/03/31,5857662,3012
2025/04/01,5863035,5373
2025/04/02,5868206,5171
2025/04/03,5873494,5288
2025/04/04,5878751,5257
2025/04/05,5883167,4416
2025/04/06,5885625,2458
2025/04/07,5888513,2888
2025/04/08,5893597,5084
2025/04/09,5899514,5917
2025/04/10,5905150,5636
2025/04/11,5910828,5678
2025/04/12,5915814,4986
2025/04/13,5918395,2581
2025/04/14,5921355,2960
2025/04/15,5926725,5370
2025/04/16,5932219,5494
2025/04/17,5940255,8036
2025/04/18,5947932,7677
2025/04/19,5953963,6031
2025/04/20,5957517,3554
2025/04/21,5961517,4000
2025/04/22,5967425,5908
2025/04/23,5972669,5244
2025/04/24,5978266,5597
2025/04/25,5983385,5119
2025/04/26,5988457,5072
2025/04/27,5991673,3216
2025/04/28,5995239,3566
2025/04/29,5999598,4359
2025/04/30,6005495,5897
2025/05/01,6010477,4982
2025/05/02,6014196,3719
2025/05/03,6018459,4263
