Date,Count,Delta
2023/10/12,10207477,0
2023/10/13,10263135,55658
2023/10/14,10308717,45582
2023/10/15,10343770,35053
2023/10/16,10390666,46896
2023/10/18,10487631,96965
2023/10/19,10544461,56830
2023/10/20,10605870,61409
2023/10/21,10661150,55280
2023/10/22,10696315,35165
2023/10/23,10732377,36062
2023/10/24,10790620,58243
2023/10/25,10854666,64046
2023/10/26,10915448,60782
2023/10/27,10975121,59673
2023/10/28,11027059,51938
2023/10/29,11056398,29339
2023/10/30,11092419,36021
2023/10/31,11147256,54837
2023/11/01,11204878,57622
2023/11/02,11256518,51640
2023/11/03,11312371,55853
2023/11/04,11367655,55284
2023/11/05,11407900,40245
2023/11/06,11454567,46667
2023/11/07,11512358,57791
2023/11/08,11573306,60948
2023/11/09,11635218,61912
2023/11/10,11695408,60190
2023/11/11,11745303,49895
2023/11/12,11775420,30117
2023/11/13,11807295,31875
2023/11/14,11861644,54349
2023/11/15,11917564,55920
2023/11/16,11975454,57890
2023/11/17,12031535,56081
2023/11/18,12087819,56284
2023/11/19,12125816,37997
2023/11/20,12165284,39468
2023/11/21,12222247,56963
2023/11/22,12282762,60515
2023/11/23,12339066,56304
2023/11/24,12396683,57617
2023/11/25,12453877,57194
2023/11/26,12495910,42033
2023/11/27,12541650,45740
2023/11/28,12612210,70560
2023/11/29,12683865,71655
2023/11/30,12749221,65356
2023/12/01,12816827,67606
2023/12/02,12883493,66666
2023/12/03,12937720,54227
2023/12/04,12995489,57769
2023/12/05,13072783,77294
2023/12/06,13147036,74253
2023/12/07,13223989,76953
2023/12/08,13294756,70767
2023/12/09,13355759,61003
2023/12/10,13407870,52111
2023/12/11,13459521,51651
2023/12/12,13535972,76451
2023/12/13,13627129,91157
2023/12/14,13713267,86138
2023/12/15,13795331,82064
2023/12/16,13873878,78547
2023/12/17,13937842,63964
2023/12/18,14000095,62253
2023/12/19,14079668,79573
2023/12/20,14157481,77813
2023/12/21,14238295,80814
2023/12/22,14312912,74617
2023/12/23,14375863,62951
2023/12/24,14428300,52437
2023/12/25,14482562,54262
2023/12/26,14543370,60808
2023/12/27,14614284,70914
2023/12/28,14684247,69963
2023/12/29,14753192,68945
2023/12/30,14816085,62893
2023/12/31,14870798,54713
2024/01/01,14924537,53739
2024/01/02,14981414,56877
2024/01/03,15053608,72194
2024/01/04,15131224,77616
2024/01/05,15213159,81935
2024/01/06,15291867,78708
2024/01/07,15356978,65111
2024/01/08,15424604,67626
2024/01/09,15511251,86647
2024/01/10,15574493,63242
2024/01/11,15635793,61300
2024/01/12,15691930,56137
2024/01/13,15742931,51001
2024/01/14,15778834,35903
2024/01/15,15817257,38423
2024/01/16,15865328,48071
2024/01/17,15918715,53387
2024/01/18,15969516,50801
2024/01/19,16011099,41583
2024/01/20,16052790,41691
2024/01/21,16075437,22647
2024/01/22,16103600,28163
2024/01/23,16146753,43153
2024/01/24,16188057,41304
2024/01/25,16229986,41929
2024/01/26,16271316,41330
2024/01/27,16305616,34300
2024/01/28,16330393,24777
2024/01/29,16355404,25011
2024/01/30,16392923,37519
2024/01/31,16431609,38686
2024/02/01,16473747,42138
2024/02/02,16517543,43796
2024/02/03,16553458,35915
2024/02/04,16576634,23176
2024/02/05,16602197,25563
2024/02/06,16644054,41857
2024/02/07,16685954,41900
2024/02/08,16725941,39987
2024/02/09,16765559,39618
2024/02/10,16797161,31602
2024/02/11,16814218,17057
2024/02/12,16833899,19681
2024/02/13,16868895,34996
2024/02/14,16902812,33917
2024/02/15,16935582,32770
2024/02/16,16971844,36262
2024/02/17,17002570,30726
2024/02/18,17020028,17458
2024/02/19,17038450,18422
2024/02/20,17068199,29749
2024/02/21,17103400,35201
2024/02/22,17137830,34430
2024/02/23,17174007,36177
2024/02/24,17203979,29972
2024/02/25,17220584,16605
2024/02/26,17239181,18597
2024/02/27,17272628,33447
2024/02/28,17306678,34050
2024/02/29,17341689,35011
2024/03/01,17376308,34619
2024/03/02,17406128,29820
2024/03/03,17422967,16839
2024/03/04,17444443,21476
2024/03/05,17479466,35023
2024/03/06,17515254,35788
2024/03/07,17549801,34547
2024/03/08,17582254,32453
2024/03/09,17609870,27616
2024/03/10,17624995,15125
2024/03/11,17642116,17121
2024/03/12,17674777,32661
2024/03/13,17708677,33900
2024/03/14,17741129,32452
2024/03/15,17772776,31647
2024/03/16,17803645,30869
2024/03/17,17821488,17843
2024/03/18,17841493,20005
2024/03/19,17874257,32764
2024/03/20,17908503,34246
2024/03/21,17944368,35865
2024/03/22,17978431,34063
2024/03/23,18010477,32046
2024/03/24,18026636,16159
2024/03/25,18044244,17608
2024/03/26,18075743,31499
2024/03/27,18108373,32630
2024/03/28,18138881,30508
2024/03/29,18168299,29418
2024/03/30,18192671,24372
2024/03/31,18208689,16018
2024/04/01,18226496,17807
2024/04/02,18255902,29406
2024/04/03,18290325,34423
2024/04/04,18327993,37668
2024/04/05,18366612,38619
2024/04/06,18402422,35810
2024/04/07,18427286,24864
2024/04/08,18454819,27533
2024/04/09,18499689,44870
2024/04/10,18538768,39079
2024/04/11,18580977,42209
2024/04/12,18624145,43168
2024/04/13,18657069,32924
2024/04/14,18679409,22340
2024/04/15,18703418,24009
2024/04/16,18741305,37887
2024/04/17,18783154,41849
2024/04/18,18826345,43191
2024/04/19,18868793,42448
2024/04/20,18905707,36914
2024/04/21,18927095,21388
2024/04/22,18949865,22770
2024/04/23,18992884,43019
2024/04/24,19029608,36724
2024/04/25,19065462,35854
2024/04/26,19101109,35647
2024/04/27,19130454,29345
2024/04/28,19147856,17402
2024/04/29,19167027,19171
2024/04/30,19200404,33377
2024/05/01,19234671,34267
2024/05/02,19263875,29204
2024/05/03,19297850,33975
2024/05/04,19324958,27108
2024/05/05,19342287,17329
2024/05/06,19362617,20330
2024/05/07,19396317,33700
2024/05/08,19434659,38342
2024/05/09,19471674,37015
2024/05/10,19507232,35558
2024/05/11,19538988,31756
2024/05/12,19560308,21320
2024/05/13,19584664,24356
2024/05/14,19622232,37568
2024/05/15,19662485,40253
2024/05/16,19700986,38501
2024/05/17,19741722,40736
2024/05/18,19774507,32785
2024/05/19,19796943,22436
2024/05/20,19821072,24129
2024/05/21,19855148,34076
2024/05/22,19895145,39997
2024/05/23,19934369,39224
2024/05/24,19972450,38081
2024/05/25,20004858,32408
2024/05/26,20026065,21207
2024/05/27,20049521,23456
2024/05/28,20119745,70224
2024/05/29,20205567,85822
2024/05/30,20251418,45851
2024/05/31,20292515,41097
2024/06/01,20328104,35589
2024/06/02,20349278,21174
2024/06/03,20374609,25331
2024/06/04,20418107,43498
2024/06/05,20464362,46255
2024/06/06,20506382,42020
2024/06/07,20549951,43569
2024/06/08,20584809,34858
2024/06/09,20607568,22759
2024/06/10,20634988,27420
2024/06/11,20679821,44833
2024/06/12,20724733,44912
2024/06/13,20767857,43124
2024/06/14,20808952,41095
2024/06/15,20842839,33887
2024/06/16,20863602,20763
2024/06/17,20887277,23675
2024/06/18,20925461,38184
2024/06/19,20965921,40460
2024/06/20,21003693,37772
2024/06/21,21043809,40116
2024/06/22,21080343,36534
2024/06/23,21100968,20625
2024/06/24,21124818,23850
2024/06/25,21162533,37715
2024/06/26,21209103,46570
2024/06/27,21255762,46659
2024/06/28,21303416,47654
2024/06/29,21338961,35545
2024/06/30,21362410,23449
2024/07/01,21390003,27593
2024/07/02,21431205,41202
2024/07/03,21477535,46330
2024/07/04,21521284,43749
2024/07/05,21559792,38508
2024/07/06,21593987,34195
2024/07/07,21618946,24959
2024/07/08,21646894,27948
2024/07/09,21691748,44854
2024/07/10,21735947,44199
2024/07/11,21777692,41745
2024/07/12,21818125,40433
2024/07/13,21850516,32391
2024/07/14,21872007,21491
2024/07/15,21897948,25941
2024/07/16,21943558,45610
2024/07/17,21986606,43048
2024/07/18,22029809,43203
2024/07/19,22069689,39880
2024/07/20,22105218,35529
2024/07/21,22128071,22853
2024/07/22,22153342,25271
2024/07/23,22195565,42223
2024/07/24,22240912,45347
2024/07/25,22285131,44219
2024/07/26,22322363,37232
2024/07/27,22354845,32482
2024/07/28,22377460,22615
2024/07/29,22402357,24897
2024/07/30,22441500,39143
2024/07/31,22482413,40913
2024/08/01,22522833,40420
2024/08/02,22564273,41440
2024/08/03,22597456,33183
2024/08/04,22621047,23591
2024/08/05,22646580,25533
2024/08/06,22688052,41472
2024/08/07,22730019,41967
2024/08/08,22771580,41561
2024/08/09,22812706,41126
2024/08/10,22854527,41821
2024/08/11,22880132,25605
2024/08/12,22906624,26492
2024/08/13,22946481,39857
2024/08/14,22988437,41956
2024/08/15,23029126,40689
2024/08/16,23066775,37649
2024/08/17,23103104,36329
2024/08/18,23126583,23479
2024/08/19,23155071,28488
2024/08/20,23199595,44524
2024/08/21,23244527,44932
2024/08/22,23297678,53151
2024/08/23,23346491,48813
2024/08/24,23390345,43854
2024/08/25,23417584,27239
2024/08/26,23450573,32989
2024/08/27,23495000,44427
2024/08/28,23538943,43943
2024/08/29,23584847,45904
2024/08/30,23630224,45377
2024/08/31,23669155,38931
2024/09/01,23698101,28946
2024/09/02,23728316,30215
2024/09/03,23769129,40813
2024/09/04,23804162,35033
2024/09/05,23829402,25240
2024/09/06,23853693,24291
2024/09/07,23874401,20708
2024/09/08,23889309,14908
2024/09/09,23905656,16347
2024/09/10,23929458,23802
2024/09/11,23953498,24040
2024/09/12,23977562,24064
2024/09/13,24000931,23369
2024/09/14,24021043,20112
2024/09/15,24034304,13261
2024/09/16,24049271,14967
2024/09/17,24074477,25206
2024/09/18,24098049,23572
2024/09/19,24120985,22936
2024/09/20,24143658,22673
2024/09/21,24164178,20520
2024/09/22,24178663,14485
2024/09/23,24194287,15624
2024/09/24,24217576,23289
2024/09/25,24240540,22964
2024/09/26,24263499,22959
2024/09/27,24286173,22674
2024/09/28,24306777,20604
2024/09/29,24321728,14951
2024/09/30,24338443,16715
2024/10/01,24359999,21556
2024/10/02,24383009,23010
2024/10/03,24405261,22252
2024/10/04,24425575,20314
2024/10/05,24443052,17477
2024/10/06,24456343,13291
2024/10/07,24470442,14099
2024/10/08,24494819,24377
2024/10/09,24521281,26462
2024/10/10,24548565,27284
2024/10/11,24578385,29820
2024/10/12,24603656,25271
2024/10/13,24616096,12440
2024/10/14,24631185,15089
2024/10/15,24651945,20760
2024/10/16,24673591,21646
2024/10/17,24696489,22898
2024/10/18,24718019,21530
2024/10/19,24736860,18841
2024/10/20,24749508,12648
2024/10/21,24764350,14842
2024/10/22,24787982,23632
2024/10/23,24813707,25725
2024/10/24,24837712,24005
2024/10/25,24859890,22178
2024/10/26,24879027,19137
2024/10/27,24891306,12279
2024/10/28,24904751,13445
2024/10/29,24927137,22386
2024/10/31,24975007,47870
2024/11/01,24996897,21890
2024/11/02,25015692,18795
2024/11/03,25027308,11616
2024/11/04,25040843,13535
2024/11/05,25064459,23616
2024/11/06,25089705,25246
2024/11/07,25115596,25891
2024/11/08,25140933,25337
2024/11/09,25162887,21954
2024/11/10,25176675,13788
2024/11/11,25193189,16514
2024/11/12,25217325,24136
2024/11/13,25242783,25458
2024/11/14,25270076,27293
2024/11/15,25296747,26671
2024/11/16,25319044,22297
2024/11/17,25332677,13633
2024/11/18,25347158,14481
2024/11/19,25371266,24108
2024/11/20,25397462,26196
2024/11/21,25422505,25043
2024/11/22,25448851,26346
2024/11/23,25471985,23134
2024/11/24,25484268,12283
2024/11/25,25498501,14233
2024/11/26,25525714,27213
2024/11/27,25551363,25649
2024/11/28,25574313,22950
2024/11/29,25594145,19832
2024/11/30,25611342,17197
2024/12/01,25623221,11879
2024/12/02,25636196,12975
2024/12/03,25657564,21368
2024/12/04,25679533,21969
2024/12/05,25703093,23560
2024/12/06,25728481,25388
2024/12/07,25750080,21599
2024/12/08,25764145,14065
2024/12/09,25780147,16002
2024/12/10,25807101,26954
2024/12/11,25833463,26362
2024/12/12,25858420,24957
2024/12/13,25883105,24685
2024/12/14,25902022,18917
2024/12/15,25916109,14087
2024/12/16,25931607,15498
2024/12/17,25955758,24151
2024/12/18,25984560,28802
2024/12/19,26011502,26942
2024/12/20,26034447,22945
2024/12/21,26054898,20451
2024/12/22,26069410,14512
2024/12/23,26085962,16552
2024/12/24,26106758,20796
2024/12/25,26123998,17240
2024/12/26,26140193,16195
2024/12/27,26158901,18708
2024/12/28,26176149,17248
2024/12/29,26192474,16325
2024/12/30,26209537,17063
2024/12/31,26228900,19363
2025/01/01,26246409,17509
2025/01/02,26262479,16070
2025/01/03,26283129,20650
2025/01/04,26301496,18367
2025/01/05,26316643,15147
2025/01/06,26334202,17559
2025/01/07,26358855,24653
2025/01/08,26383218,24363
2025/01/09,26408197,24979
2025/01/10,26433252,25055
2025/01/11,26455883,22631
2025/01/12,26469882,13999
2025/01/13,26485715,15833
2025/01/14,26510880,25165
2025/01/15,26536166,25286
2025/01/16,26560835,24669
2025/01/17,26586407,25572
2025/01/18,26608566,22159
2025/01/19,26622878,14312
2025/01/20,26639400,16522
2025/01/21,26663487,24087
2025/01/22,26689452,25965
2025/01/23,26716308,26856
2025/01/24,26743673,27365
2025/01/25,26766856,23183
2025/01/26,26782734,15878
2025/01/27,26800926,18192
2025/01/28,26829931,29005
2025/01/29,26858407,28476
2025/01/30,26888625,30218
2025/01/31,26917099,28474
2025/02/01,26941047,23948
2025/02/02,26956366,15319
2025/02/03,26973679,17313
2025/02/04,27002256,28577
2025/02/05,27032100,29844
2025/02/06,27063537,31437
2025/02/07,27094766,31229
2025/02/08,27119338,24572
2025/02/09,27134009,14671
2025/02/10,27149564,15555
2025/02/11,27175334,25770
2025/02/12,27201057,25723
2025/02/13,27227151,26094
2025/02/14,27253775,26624
2025/02/15,27276362,22587
2025/02/16,27289620,13258
2025/02/17,27304400,14780
2025/02/18,27330281,25881
2025/02/19,27359181,28900
2025/02/20,27388936,29755
2025/02/21,27431181,42245
2025/02/22,27442186,11005
2025/02/23,27456787,14601
2025/02/24,27472521,15734
2025/02/25,27498267,25746
2025/02/26,27528862,30595
2025/02/27,27560041,31179
2025/02/28,27594571,34530
2025/03/01,27618741,24170
2025/03/02,27634396,15655
2025/03/03,27650696,16300
2025/03/04,27678895,28199
2025/03/05,27708824,29929
2025/03/06,27738514,29690
2025/03/07,27767551,29037
2025/03/08,27791308,23757
2025/03/09,27806659,15351
2025/03/10,27823996,17337
2025/03/11,27854934,30938
2025/03/12,27888256,33322
2025/03/13,27918826,30570
2025/03/14,27950439,31613
2025/03/15,27977455,27016
2025/03/16,27993194,15739
2025/03/17,28012508,19314
2025/03/18,28044337,31829
2025/03/19,28076856,32519
2025/03/20,28109236,32380
2025/03/21,28142089,32853
2025/03/22,28171842,29753
2025/03/23,28188042,16200
2025/03/24,28207437,19395
2025/03/25,28241742,34305
2025/03/26,28277803,36061
2025/03/27,28315432,37629
2025/03/28,28351034,35602
2025/03/29,28381192,30158
2025/03/30,28400004,18812
2025/03/31,28421304,21300
2025/04/01,28455803,34499
2025/04/02,28491079,35276
2025/04/03,28521769,30690
2025/04/04,28550661,28892
2025/04/05,28576428,25767
2025/04/06,28593055,16627
2025/04/07,28612134,19079
2025/04/08,28644522,32388
2025/04/09,28678203,33681
2025/04/10,28710082,31879
2025/04/11,28742168,32086
2025/04/12,28769616,27448
2025/04/13,28786225,16609
2025/04/14,28804354,18129
2025/04/15,28834718,30364
2025/04/16,28866598,31880
2025/04/17,28901802,35204
2025/04/18,28933329,31527
2025/04/19,28956660,23331
2025/04/20,28973497,16837
2025/04/21,28992910,19413
2025/04/22,29019828,26918
2025/04/23,29050298,30470
2025/04/24,29082552,32254
2025/04/25,29112893,30341
2025/04/26,29139366,26473
2025/04/27,29155933,16567
2025/04/28,29174218,18285
2025/04/29,29203268,29050
2025/04/30,29234527,31259
2025/05/01,29264806,30279
2025/05/02,29288391,23585
2025/05/03,29312300,23909
2025/05/04,29329333,17033
2025/05/05,29347935,18602
2025/05/06,29376563,28628
2025/05/07,29407719,31156
2025/05/08,29438716,30997
2025/05/09,29467940,29224
2025/05/10,29494071,26131
2025/05/11,29509926,15855
2025/05/12,29527913,17987
2025/05/13,29559152,31239
2025/05/14,29590046,30894
2025/05/15,29620910,30864
2025/05/16,29652505,31595
2025/05/17,29677391,24886
2025/05/18,29693703,16312
2025/05/19,29711975,18272
2025/05/20,29740042,28067
2025/05/21,29771512,31470
2025/05/22,29801871,30359
2025/05/23,29834213,32342
2025/05/24,29862579,28366
2025/05/25,29882839,20260
2025/05/26,29904257,21418
2025/05/27,29932911,28654
2025/05/28,29966920,34009
2025/05/29,30001657,34737
2025/05/30,30035608,33951
2025/05/31,30066770,31162
2025/06/01,30090362,23592
2025/06/02,30118983,28621
2025/06/03,30154659,35676
2025/06/04,30194811,40152
2025/06/05,30231829,37018
2025/06/06,30267901,36072
2025/06/07,30299095,31194
2025/06/08,30318921,19826
2025/06/09,30342360,23439
2025/06/10,30376727,34367
2025/06/11,30418311,41584
2025/06/12,30460581,42270
2025/06/13,30502060,41479
2025/06/14,30536222,34162
2025/06/15,30558772,22550
2025/06/16,30584366,25594
2025/06/17,30624146,39780
2025/06/18,30666581,42435
2025/06/19,30711312,44731
2025/06/20,30752605,41293
2025/06/21,30790773,38168
2025/06/22,30817997,27224
2025/06/23,30848789,30792
2025/06/24,30895295,46506
2025/06/25,30939977,44682
2025/06/26,30983262,43285
2025/06/27,31023498,40236
2025/06/28,31059324,35826
2025/06/29,31083477,24153
2025/06/30,31108823,25346
2025/07/01,31149642,40819
2025/07/02,31191763,42121
2025/07/03,31231818,40055
2025/07/04,31277785,45967
2025/07/05,31309323,31538
2025/07/06,31332520,23197
2025/07/07,31358484,25964
2025/07/08,31400846,42362
2025/07/09,31407860,7014
2025/07/10,31487331,79471
2025/07/11,31528072,40741
2025/07/12,31565214,37142
2025/07/13,31587590,22376
2025/07/14,31613335,25745
2025/07/15,31656214,42879
2025/07/16,31700791,44577
2025/07/17,31743954,43163
2025/07/18,31785173,41219
2025/07/19,31820105,34932
2025/07/20,31841804,21699
2025/07/21,31866657,24853
2025/07/22,31904989,38332
