Date,Count,Delta
2023/10/26,49009,0
2023/10/27,49050,41
2023/10/28,49100,50
2023/10/29,49120,20
2023/10/30,49143,23
2023/10/31,49246,103
2023/11/01,49302,56
2023/11/02,49344,42
2023/11/03,49432,88
2023/11/04,49456,24
2023/11/05,49478,22
2023/11/06,49502,24
2023/11/07,49524,22
2023/11/08,49556,32
2023/11/09,49613,57
2023/11/10,49651,38
2023/11/11,49683,32
2023/11/12,49698,15
2023/11/13,49714,16
2023/11/14,49783,69
2023/11/15,49819,36
2023/11/16,49873,54
2023/11/17,49892,19
2023/11/18,49922,30
2023/11/19,49958,36
2023/11/20,49981,23
2023/11/21,50021,40
2023/11/22,50097,76
2023/11/23,50216,119
2023/11/24,50269,53
2023/11/25,50371,102
2023/11/26,50403,32
2023/11/27,50425,22
2023/11/28,50470,45
2023/11/29,50612,142
2023/11/30,50693,81
2023/12/01,50751,58
2023/12/02,50844,93
2023/12/03,50873,29
2023/12/04,50896,23
2023/12/05,50941,45
2023/12/06,51006,65
2023/12/07,51056,50
2023/12/08,51097,41
2023/12/09,51131,34
2023/12/10,51155,24
2023/12/11,51170,15
2023/12/12,51204,34
2023/12/13,51364,160
2023/12/14,51412,48
2023/12/15,51579,167
2023/12/16,51683,104
2023/12/17,51715,32
2023/12/18,51731,16
2023/12/19,51911,180
2023/12/20,52011,100
2023/12/21,52091,80
2023/12/22,52210,119
2023/12/23,52240,30
2023/12/24,52294,54
2023/12/25,52325,31
2023/12/26,52375,50
2023/12/27,52406,31
2023/12/28,52435,29
2023/12/29,52494,59
2023/12/30,52524,30
2023/12/31,52556,32
2024/01/01,52588,32
2024/01/02,52626,38
2024/01/03,52682,56
2024/01/04,52782,100
2024/01/05,52843,61
2024/01/06,52925,82
2024/01/07,52979,54
2024/01/08,53013,34
2024/01/09,53139,126
2024/01/10,53229,90
2024/01/11,53329,100
2024/01/12,53371,42
2024/01/13,53435,64
2024/01/14,53503,68
2024/01/15,53553,50
2024/01/16,53607,54
2024/01/17,54372,765
2024/01/18,54492,120
2024/01/19,54655,163
2024/01/20,54804,149
2024/01/21,54864,60
2024/01/22,54926,62
2024/01/23,55068,142
2024/01/24,55162,94
2024/01/25,55308,146
2024/01/26,55404,96
2024/01/27,55470,66
2024/01/28,55532,62
2024/01/29,55568,36
2024/01/30,55672,104
2024/01/31,55766,94
2024/02/01,55854,88
2024/02/02,56046,192
2024/02/03,56134,88
2024/02/04,56172,38
2024/02/05,56248,76
2024/02/06,56284,36
2024/02/07,56400,116
2024/02/08,56482,82
2024/02/09,56520,38
2024/02/10,56628,108
2024/02/11,56664,36
2024/02/12,56700,36
2024/02/13,56772,72
2024/02/14,56868,96
2024/02/15,57140,272
2024/02/16,57381,241
2024/02/17,57445,64
2024/02/18,57511,66
2024/02/19,57565,54
2024/02/20,57718,153
2024/02/21,57836,118
2024/02/22,57921,85
2024/02/23,57981,60
2024/02/24,58083,102
2024/02/25,58149,66
2024/02/26,58185,36
2024/02/27,58239,54
2024/02/28,58311,72
2024/02/29,58493,182
2024/03/01,58791,298
2024/03/02,58899,108
2024/03/03,58983,84
2024/03/04,59019,36
2024/03/05,59093,74
2024/03/06,59193,100
2024/03/07,59293,100
2024/03/08,59499,206
2024/03/09,59613,114
2024/03/10,59667,54
2024/03/11,59721,54
2024/03/12,59807,86
2024/03/13,59891,84
2024/03/14,60009,118
2024/03/15,60140,131
2024/03/16,60236,96
2024/03/17,60302,66
2024/03/18,60338,36
2024/03/19,60390,52
2024/03/20,60546,156
2024/03/21,60606,60
2024/03/22,60642,36
2024/03/23,60811,169
2024/03/24,60847,36
2024/03/25,60883,36
2024/03/26,61291,408
2024/03/27,61443,152
2024/03/28,61584,141
2024/03/29,61808,224
2024/03/30,61926,118
2024/03/31,62002,76
2024/04/01,62113,111
2024/04/02,62155,42
2024/04/03,62222,67
2024/04/04,62438,216
2024/04/05,62624,186
2024/04/06,62833,209
2024/04/07,62912,79
2024/04/08,62994,82
2024/04/09,63058,64
2024/04/10,63175,117
2024/04/11,63503,328
2024/04/12,63715,212
2024/04/13,63912,197
2024/04/14,63998,86
2024/04/15,64020,22
2024/04/16,64120,100
2024/04/17,64262,142
2024/04/18,64354,92
2024/04/19,64524,170
2024/04/20,64794,270
2024/04/21,64891,97
2024/04/22,64932,41
2024/04/23,65372,440
2024/04/24,65549,177
2024/04/25,65889,340
2024/04/26,66348,459
2024/04/27,66506,158
2024/04/28,66564,58
2024/04/29,66590,26
2024/04/30,66786,196
2024/05/01,66926,140
2024/05/02,67161,235
2024/05/03,67528,367
2024/05/04,67852,324
2024/05/05,67926,74
2024/05/06,68012,86
2024/05/07,68178,166
2024/05/08,68558,380
2024/05/09,68836,278
2024/05/10,69084,248
2024/05/11,69290,206
2024/05/12,69366,76
2024/05/13,69470,104
2024/05/14,69510,40
2024/05/15,69730,220
2024/05/16,69922,192
2024/05/17,70262,340
2024/05/18,70462,200
2024/05/19,70521,59
2024/05/20,70547,26
2024/05/21,70772,225
2024/05/22,71932,1160
2024/05/23,72030,98
2024/05/24,72216,186
2024/05/25,72314,98
2024/05/26,72380,66
2024/05/27,72432,52
2024/05/28,72606,174
2024/05/29,72704,98
2024/05/30,72822,118
2024/05/31,72990,168
2024/06/01,73090,100
2024/06/02,73150,60
2024/06/03,73217,67
2024/06/04,73309,92
2024/06/05,73351,42
2024/06/06,73451,100
2024/06/07,73479,28
2024/06/08,73509,30
2024/06/09,73539,30
2024/06/10,73571,32
2024/06/11,73603,32
2024/06/12,73735,132
2024/06/13,73831,96
2024/06/14,73863,32
2024/06/15,73921,58
2024/06/16,73953,32
2024/06/17,73986,33
2024/06/18,74044,58
2024/06/19,74116,72
2024/06/20,74188,72
2024/06/21,74240,52
2024/06/22,74334,94
2024/06/23,74364,30
2024/06/24,74396,32
2024/06/25,74516,120
2024/06/26,74588,72
2024/06/27,74699,111
2024/06/28,74778,79
2024/06/29,74889,111
2024/06/30,74923,34
2024/07/01,74957,34
2024/07/02,75036,79
2024/07/03,75097,61
2024/07/04,75133,36
2024/07/05,75222,89
2024/07/06,75304,82
2024/07/07,75340,36
2024/07/08,75400,60
2024/07/09,75456,56
2024/07/10,75522,66
2024/07/11,75615,93
2024/07/12,75744,129
2024/07/13,76524,780
2024/07/14,76853,329
2024/07/15,77181,328
2024/07/16,77569,388
2024/07/17,78043,474
2024/07/18,78469,426
2024/07/19,78503,34
2024/07/20,78770,267
2024/07/21,78833,63
2024/07/22,78871,38
2024/07/23,78971,100
2024/07/24,79507,536
2024/07/25,79865,358
2024/07/26,80467,602
2024/07/27,80862,395
2024/07/28,81264,402
2024/07/29,81648,384
2024/07/30,82036,388
2024/07/31,82727,691
2024/08/01,83255,528
2024/08/02,83791,536
2024/08/03,84321,530
2024/08/04,84727,406
2024/08/05,84779,52
2024/08/06,85531,752
2024/08/07,85897,366
2024/08/08,86353,456
2024/08/09,86743,390
2024/08/10,87169,426
2024/08/11,87561,392
2024/08/12,87983,422
2024/08/13,88623,640
2024/08/14,88983,360
2024/08/15,89031,48
2024/08/16,89429,398
2024/08/17,89787,358
2024/08/18,90075,288
2024/08/19,90367,292
2024/08/20,90647,280
2024/08/21,91307,660
2024/08/22,91693,386
2024/08/23,92186,493
2024/08/24,92488,302
2024/08/25,92810,322
2024/08/26,93138,328
2024/08/27,93518,380
2024/08/28,93914,396
2024/08/29,94316,402
2024/08/30,94718,402
2024/08/31,95048,330
2024/09/01,95362,314
2024/09/02,95654,292
2024/09/03,95988,334
2024/09/04,96529,541
2024/09/05,96694,165
2024/09/06,96901,207
2024/09/07,97079,178
2024/09/08,97223,144
2024/09/09,97371,148
2024/09/10,97665,294
2024/09/11,97825,160
2024/09/12,98000,175
2024/09/13,98194,194
2024/09/14,98442,248
2024/09/15,98624,182
2024/09/16,98674,50
2024/09/17,98710,36
2024/09/18,98895,185
2024/09/19,99084,189
2024/09/20,99340,256
2024/09/21,99926,586
2024/09/22,100090,164
2024/09/23,100252,162
2024/09/24,100570,318
2024/09/25,100759,189
2024/09/26,102306,1547
2024/09/27,102519,213
2024/09/28,102720,201
2024/09/29,102878,158
2024/09/30,103044,166
2024/10/01,103321,277
2024/10/02,103395,74
2024/10/03,103663,268
2024/10/04,103963,300
2024/10/05,104164,201
2024/10/06,104365,201
2024/10/07,104543,178
2024/10/08,104748,205
2024/10/09,105036,288
2024/10/10,105234,198
2024/10/11,105308,74
2024/10/12,105514,206
2024/10/13,105693,179
2024/10/14,105865,172
2024/10/15,106024,159
2024/10/16,106240,216
2024/10/17,106520,280
2024/10/18,106575,55
2024/10/19,106798,223
2024/10/20,106970,172
2024/10/21,107133,163
2024/10/22,107294,161
2024/10/23,107492,198
2024/10/24,107667,175
2024/10/25,107870,203
2024/10/26,108029,159
2024/10/27,108206,177
2024/10/28,108220,14
2024/10/29,108257,37
2024/10/31,108668,411
2024/11/01,108826,158
2024/11/02,109069,243
2024/11/03,109087,18
2024/11/04,109100,13
2024/11/05,109131,31
2024/11/06,109145,14
2024/11/07,109173,28
2024/11/08,109210,37
2024/11/09,109338,128
2024/11/10,109348,10
2024/11/11,109357,9
2024/11/12,109385,28
2024/11/13,109413,28
2024/11/14,109449,36
2024/11/15,109473,24
2024/11/16,109501,28
2024/11/17,109511,10
2024/11/18,109544,33
2024/11/19,109562,18
2024/11/20,110019,457
2024/11/21,110759,740
2024/11/22,110944,185
2024/11/23,111160,216
2024/11/24,111317,157
2024/11/25,111501,184
2024/11/26,111703,202
2024/11/27,111997,294
2024/11/28,112245,248
2024/11/29,112481,236
2024/11/30,112748,267
2024/12/01,113015,267
2024/12/02,113285,270
2024/12/03,113617,332
2024/12/04,113787,170
2024/12/05,114122,335
2024/12/06,114465,343
2024/12/07,114793,328
2024/12/08,115008,215
2024/12/09,115171,163
2024/12/10,115325,154
2024/12/11,115883,558
2024/12/12,116195,312
2024/12/13,116405,210
2024/12/14,116585,180
2024/12/15,116787,202
2024/12/16,116992,205
2024/12/17,117230,238
2024/12/18,117552,322
2024/12/19,117851,299
2024/12/20,118152,301
2024/12/21,118443,291
2024/12/22,118624,181
2024/12/23,118790,166
2024/12/24,119000,210
2024/12/25,119161,161
2024/12/26,119321,160
2024/12/27,119478,157
2024/12/28,119661,183
2024/12/29,119825,164
2024/12/30,119980,155
2024/12/31,120157,177
2025/01/01,120508,351
2025/01/02,120664,156
2025/01/03,121089,425
2025/01/04,121301,212
2025/01/05,121312,11
2025/01/06,121467,155
2025/01/07,121629,162
2025/01/08,122032,403
2025/01/09,124057,2025
2025/01/10,124660,603
2025/01/11,124836,176
2025/01/12,125012,176
2025/01/13,125023,11
2025/01/14,125240,217
2025/01/15,125509,269
2025/01/16,126023,514
2025/01/17,126167,144
2025/01/18,126353,186
2025/01/19,126453,100
2025/01/20,126558,105
2025/01/21,126706,148
2025/01/22,126886,180
2025/01/23,127101,215
2025/01/24,127347,246
2025/01/25,127439,92
2025/01/26,127460,21
2025/01/27,127650,190
2025/01/28,127864,214
2025/01/29,128046,182
2025/01/30,128205,159
2025/01/31,128373,168
2025/02/01,128534,161
2025/02/02,128643,109
2025/02/03,128761,118
2025/02/04,128802,41
2025/02/05,128999,197
2025/02/06,129020,21
2025/02/07,130474,1454
2025/02/08,130623,149
2025/02/09,130634,11
2025/02/10,130645,11
2025/02/11,130809,164
2025/02/12,130954,145
2025/02/13,131167,213
2025/02/14,131317,150
2025/02/15,131464,147
2025/02/16,131589,125
2025/02/17,131703,114
2025/02/18,131875,172
2025/02/19,132006,131
2025/02/20,132135,129
2025/02/21,132389,254
2025/02/22,132393,4
2025/02/23,132519,126
2025/02/24,132635,116
2025/02/25,132783,148
2025/02/26,132928,145
2025/02/27,132955,27
2025/02/28,133168,213
2025/03/01,133318,150
2025/03/02,133437,119
2025/03/03,133550,113
2025/03/04,133668,118
2025/03/05,133825,157
2025/03/06,133837,12
2025/03/07,133968,131
2025/03/08,134101,133
2025/03/09,134104,3
2025/03/10,134221,117
2025/03/11,134397,176
2025/03/12,134414,17
2025/03/13,134616,202
2025/03/14,134641,25
2025/03/15,134836,195
2025/03/16,134961,125
2025/03/17,135063,102
2025/03/18,135261,198
2025/03/19,135565,304
2025/03/20,135934,369
2025/03/21,136071,137
2025/03/22,136204,133
2025/03/23,136207,3
2025/03/24,136313,106
2025/03/25,136692,379
2025/03/26,136720,28
2025/03/27,136863,143
2025/03/28,137023,160
2025/03/29,137163,140
2025/03/30,137270,107
2025/03/31,137273,3
2025/04/01,137421,148
2025/04/02,137554,133
2025/04/03,137979,425
2025/04/04,138172,193
2025/04/05,138309,137
2025/04/06,138429,120
2025/04/07,138541,112
2025/04/08,138679,138
2025/04/09,138856,177
2025/04/10,138972,116
2025/04/11,139109,137
2025/04/12,139542,433
2025/04/13,139697,155
2025/04/14,139829,132
2025/04/15,139993,164
2025/04/16,140211,218
2025/04/17,140384,173
2025/04/18,140553,169
2025/04/19,140831,278
2025/04/20,140973,142
2025/04/21,141117,144
2025/04/22,141253,136
2025/04/23,141400,147
2025/04/24,141586,186
2025/04/25,141738,152
2025/04/26,141763,25
2025/04/27,141909,146
2025/04/28,142058,149
2025/04/29,142241,183
2025/04/30,142349,108
2025/05/01,142573,224
2025/05/02,142754,181
2025/05/03,142909,155
2025/05/04,143058,149
2025/05/05,143262,204
2025/05/06,143400,138
2025/05/07,143413,13
2025/05/08,143693,280
2025/05/09,143959,266
2025/05/10,144153,194
2025/05/11,144291,138
2025/05/12,144433,142
2025/05/13,144604,171
2025/05/14,144799,195
2025/05/15,145094,295
2025/05/16,145261,167
2025/05/17,145420,159
2025/05/18,145620,200
2025/05/19,145639,19
2025/05/20,145872,233
2025/05/21,146076,204
2025/05/22,146290,214
2025/05/23,146457,167
2025/05/24,146636,179
2025/05/25,146834,198
2025/05/26,146992,158
2025/05/27,147241,249
2025/05/28,147350,109
2025/05/29,147606,256
2025/05/30,147642,36
2025/05/31,147859,217
2025/06/01,148095,236
2025/06/02,148278,183
2025/06/03,148447,169
2025/06/04,148687,240
2025/06/05,148921,234
2025/06/06,149174,253
2025/06/07,149386,212
2025/06/08,149555,169
2025/06/09,149713,158
2025/06/10,149920,207
2025/06/11,150262,342
2025/06/12,150605,343
2025/06/13,150905,300
2025/06/14,151038,133
2025/06/15,151195,157
2025/06/16,151213,18
2025/06/17,151422,209
2025/06/18,151491,69
2025/06/19,151549,58
2025/06/20,151763,214
2025/06/21,151967,204
2025/06/22,152133,166
2025/06/23,152288,155
2025/06/24,152533,245
2025/06/25,152867,334
2025/06/26,153148,281
2025/06/27,153372,224
2025/06/28,153631,259
2025/06/29,153803,172
2025/06/30,153972,169
2025/07/01,154214,242
2025/07/02,154460,246
2025/07/03,154670,210
2025/07/04,154822,152
2025/07/05,155014,192
2025/07/06,155169,155
2025/07/07,155318,149
2025/07/08,155511,193
2025/07/09,155692,181
2025/07/10,156007,315
2025/07/11,156182,175
2025/07/12,156419,237
2025/07/13,156592,173
2025/07/14,156670,78
2025/07/15,156835,165
2025/07/16,157015,180
2025/07/17,157170,155
2025/07/18,157332,162
2025/07/19,157525,193
2025/07/20,157693,168
2025/07/21,157704,11
2025/07/22,158080,376
2025/07/23,158250,170
2025/07/24,158452,202
2025/07/25,158463,11
2025/07/26,158474,11
2025/07/27,158715,241
2025/07/28,158741,26
2025/07/29,158944,203
2025/07/30,159343,399
2025/07/31,159746,403
2025/08/01,159926,180
2025/08/02,160087,161
2025/08/03,160247,160
2025/08/04,160394,147
2025/08/05,160455,61
2025/08/06,160674,219
2025/08/07,160746,72
2025/08/08,160972,226
2025/08/09,161170,198
2025/08/10,161361,191
2025/08/11,161521,160
2025/08/12,161741,220
2025/08/13,162195,454
2025/08/14,162405,210
2025/08/15,162603,198
2025/08/16,162623,20
2025/08/17,162820,197
2025/08/18,163035,215
2025/08/19,163255,220
2025/08/20,163467,212
2025/08/21,163716,249
2025/08/22,164008,292
2025/08/23,164077,69
2025/08/24,164088,11
2025/08/25,164089,1
2025/08/26,164103,14
2025/08/27,164110,7
2025/08/28,164291,181
2025/08/29,164296,5
2025/08/30,164312,16
2025/08/31,164312,0
