Date,Count,Delta
2023/10/26,12705849,0
2023/10/27,12829641,123792
2023/10/28,12947056,117415
2023/10/29,13047098,100042
2023/10/30,13145274,98176
2023/10/31,13265233,119959
2023/11/01,13385039,119806
2023/11/02,13506196,121157
2023/11/03,13633992,127796
2023/11/04,13759731,125739
2023/11/05,13871342,111611
2023/11/06,13990738,119396
2023/11/07,14121362,130624
2023/11/08,14258542,137180
2023/11/09,14391734,133192
2023/11/10,14524735,133001
2023/11/11,14647991,123256
2023/11/12,14747006,99015
2023/11/13,14847523,100517
2023/11/14,14972282,124759
2023/11/15,15098312,126030
2023/11/16,15230140,131828
2023/11/17,15360183,130043
2023/11/18,15483915,123732
2023/11/19,15580846,96931
2023/11/20,15679613,98767
2023/11/21,15798698,119085
2023/11/22,15921048,122350
2023/11/23,16042560,121512
2023/11/24,16160286,117726
2023/11/25,16273876,113590
2023/11/26,16368635,94759
2023/11/27,16465605,96970
2023/11/28,16589365,123760
2023/11/29,16713133,123768
2023/11/30,16834838,121705
2023/12/01,16956994,122156
2023/12/02,17074805,117811
2023/12/03,17169691,94886
2023/12/04,17269844,100153
2023/12/05,17393380,123536
2023/12/06,17512446,119066
2023/12/07,17628463,116017
2023/12/08,17740066,111603
2023/12/09,17841647,101581
2023/12/10,17932385,90738
2023/12/11,18030514,98129
2023/12/12,18143481,112967
2023/12/13,18255881,112400
2023/12/14,18366749,110868
2023/12/15,18473403,106654
2023/12/16,18573640,100237
2023/12/17,18658998,85358
2023/12/18,18744784,85786
2023/12/19,18847190,102406
2023/12/20,18950242,103052
2023/12/21,19054520,104278
2023/12/22,19154875,100355
2023/12/23,19249648,94773
2023/12/24,19336017,86369
2023/12/25,19423440,87423
2023/12/26,19514713,91273
2023/12/27,19608706,93993
2023/12/28,19699184,90478
2023/12/29,19788757,89573
2023/12/30,19874863,86106
2023/12/31,19956550,81687
2024/01/01,20038269,81719
2024/01/02,20114970,76701
2024/01/03,20198984,84014
2024/01/04,20286165,87181
2024/01/05,20367029,80864
2024/01/06,20451470,84441
2024/01/07,20523763,72293
2024/01/08,20601381,77618
2024/01/09,20691804,90423
2024/01/10,20777606,85802
2024/01/11,20853789,76183
2024/01/12,20930773,76984
2024/01/13,21005181,74408
2024/01/14,21065591,60410
2024/01/15,21129077,63486
2024/01/16,21196596,67519
2024/01/17,21266719,70123
2024/01/18,21337689,70970
2024/01/19,21408122,70433
2024/01/20,21480158,72036
2024/01/21,21533228,53070
2024/01/22,21592202,58974
2024/01/23,21671648,79446
2024/01/24,21752785,81137
2024/01/25,21834711,81926
2024/01/26,21919107,84396
2024/01/27,21996001,76894
2024/01/28,22061507,65506
2024/01/29,22127315,65808
2024/01/30,22206896,79581
2024/01/31,22288318,81422
2024/02/01,22371845,83527
2024/02/02,22453479,81634
2024/02/03,22528860,75381
2024/02/04,22582099,53239
2024/02/05,22635904,53805
2024/02/06,22705725,69821
2024/02/07,22779994,74269
2024/02/08,22848061,68067
2024/02/09,22902777,54716
2024/02/10,22939398,36621
2024/02/11,22961932,22534
2024/02/12,22986489,24557
2024/02/13,23025968,39479
2024/02/14,23065592,39624
2024/02/15,23104224,38632
2024/02/16,23146665,42441
2024/02/17,23183689,37024
2024/02/18,23207826,24137
2024/02/19,23233308,25482
2024/02/20,23270742,37434
2024/02/21,23313984,43242
2024/02/22,23357134,43150
2024/02/23,23400414,43280
2024/02/24,23437721,37307
2024/02/25,23461416,23695
2024/02/26,23485598,24182
2024/02/27,23526750,41152
2024/02/28,23570731,43981
2024/02/29,23614269,43538
2024/03/01,23657908,43639
2024/03/02,23698610,40702
2024/03/03,23725700,27090
2024/03/04,23756044,30344
2024/03/05,23800527,44483
2024/03/06,23844783,44256
2024/03/07,23888206,43423
2024/03/08,23930385,42179
2024/03/09,23966708,36323
2024/03/10,23989187,22479
2024/03/11,24012421,23234
2024/03/12,24053219,40798
2024/03/13,24093492,40273
2024/03/14,24134356,40864
2024/03/15,24174423,40067
2024/03/16,24213419,38996
2024/03/17,24238405,24986
2024/03/18,24264546,26141
2024/03/19,24305222,40676
2024/03/20,24345450,40228
2024/03/21,24388857,43407
2024/03/22,24430851,41994
2024/03/23,24469810,38959
2024/03/24,24493067,23257
2024/03/25,24517386,24319
2024/03/26,24556398,39012
2024/03/27,24597403,41005
2024/03/28,24636778,39375
2024/03/29,24674693,37915
2024/03/30,24703705,29012
2024/03/31,24726297,22592
2024/04/01,24749039,22742
2024/04/02,24784755,35716
2024/04/03,24825830,41075
2024/04/04,24867198,41368
2024/04/05,24909681,42483
2024/04/06,24948652,38971
2024/04/07,24975226,26574
2024/04/08,25005021,29795
2024/04/09,25049714,44693
2024/04/10,25088713,38999
2024/04/11,25130096,41383
2024/04/12,25176114,46018
2024/04/13,25210852,34738
2024/04/14,25234584,23732
2024/04/15,25260290,25706
2024/04/16,25301874,41584
2024/04/17,25345178,43304
2024/04/18,25389141,43963
2024/04/19,25433835,44694
2024/04/20,25472840,39005
2024/04/21,25496041,23201
2024/04/22,25520392,24351
2024/04/23,25565659,45267
2024/04/24,25606486,40827
2024/04/25,25648799,42313
2024/04/26,25690771,41972
2024/04/27,25724381,33610
2024/04/28,25745077,20696
2024/04/29,25767203,22126
2024/04/30,25804577,37374
2024/05/01,25843626,39049
2024/05/02,25876267,32641
2024/05/03,25914142,37875
2024/05/04,25946822,32680
2024/05/05,25970208,23386
2024/05/06,25995816,25608
2024/05/07,26033870,38054
2024/05/08,26075614,41744
2024/05/09,26116399,40785
2024/05/10,26156116,39717
2024/05/11,26193180,37064
2024/05/12,26216754,23574
2024/05/13,26242553,25799
2024/05/14,26284205,41652
2024/05/15,26328396,44191
2024/05/16,26371659,43263
2024/05/17,26416192,44533
2024/05/18,26452698,36506
2024/05/19,26476436,23738
2024/05/20,26501116,24680
2024/05/21,26539013,37897
2024/05/22,26583171,44158
2024/05/23,26626756,43585
2024/05/24,26667202,40446
2024/05/25,26702552,35350
2024/05/26,26723854,21302
2024/05/27,26747319,23465
2024/05/28,26786913,39594
2024/05/29,26831353,44440
2024/05/30,26876023,44670
2024/05/31,26920201,44178
2024/06/01,26958468,38267
2024/06/02,26980659,22191
2024/06/03,27005990,25331
2024/06/04,27053482,47492
2024/06/05,27103094,49612
2024/06/06,27148828,45734
2024/06/07,27195246,46418
2024/06/08,27236916,41670
2024/06/09,27266875,29959
2024/06/10,27300548,33673
2024/06/11,27349747,49199
2024/06/12,27397714,47967
2024/06/13,27447199,49485
2024/06/14,27496863,49664
2024/06/15,27534380,37517
2024/06/16,27557102,22722
2024/06/17,27582261,25159
2024/06/18,27624797,42536
2024/06/19,27669562,44765
2024/06/20,27711176,41614
2024/06/21,27754101,42925
2024/06/22,27793585,39484
2024/06/23,27815541,21956
2024/06/24,27840694,25153
2024/06/25,27882695,42001
2024/06/26,27932198,49503
2024/06/27,27980977,48779
2024/06/28,28030800,49823
2024/06/29,28068406,37606
2024/06/30,28092820,24414
2024/07/01,28119794,26974
2024/07/02,28165596,45802
2024/07/03,28216380,50784
2024/07/04,28262405,46025
2024/07/05,28302901,40496
2024/07/06,28341221,38320
2024/07/07,28369451,28230
2024/07/08,28398935,29484
2024/07/09,28448747,49812
2024/07/10,28499346,50599
2024/07/11,28548012,48666
2024/07/12,28595094,47082
2024/07/13,28633603,38509
2024/07/14,28657903,24300
2024/07/15,28686669,28766
2024/07/16,28738170,51501
2024/07/17,28788985,50815
2024/07/18,28838253,49268
2024/07/19,28885124,46871
2024/07/20,28926322,41198
2024/07/21,28954120,27798
2024/07/22,28982569,28449
2024/07/23,29032576,50007
2024/07/24,29082862,50286
2024/07/25,29130925,48063
2024/07/26,29174852,43927
2024/07/27,29213697,38845
2024/07/28,29240149,26452
2024/07/29,29269124,28975
2024/07/30,29314687,45563
2024/07/31,29362105,47418
2024/08/01,29410349,48244
2024/08/02,29458674,48325
2024/08/03,29498873,40199
2024/08/04,29526210,27337
2024/08/05,29555642,29432
2024/08/06,29602960,47318
2024/08/07,29652102,49142
2024/08/08,29701988,49886
2024/08/09,29749701,47713
2024/08/10,29796038,46337
2024/08/11,29823459,27421
2024/08/12,29851869,28410
2024/08/13,29896306,44437
2024/08/14,29945044,48738
2024/08/15,29991906,46862
2024/08/16,30033635,41729
2024/08/17,30077482,43847
2024/08/18,30105425,27943
2024/08/19,30137113,31688
2024/08/20,30190293,53180
2024/08/21,30241460,51167
2024/08/22,30302436,60976
2024/08/23,30359931,57495
2024/08/24,30408535,48604
2024/08/25,30439054,30519
2024/08/26,30475117,36063
2024/08/27,30527756,52639
2024/08/28,30579660,51904
2024/08/29,30632179,52519
2024/08/30,30681956,49777
2024/08/31,30726071,44115
2024/09/01,30755349,29278
2024/09/02,30788244,32895
2024/09/03,30834300,46056
2024/09/04,30873749,39449
2024/09/05,30901546,27797
2024/09/06,30927702,26156
2024/09/07,30949344,21642
2024/09/08,30964344,15000
2024/09/09,30981224,16880
2024/09/10,31006920,25696
2024/09/11,31033078,26158
2024/09/12,31059666,26588
2024/09/13,31085351,25685
2024/09/14,31108154,22803
2024/09/15,31122866,14712
2024/09/16,31138591,15725
2024/09/17,31166216,27625
2024/09/18,31193043,26827
2024/09/19,31219073,26030
2024/09/20,31245279,26206
2024/09/21,31268172,22893
2024/09/22,31283280,15108
2024/09/23,31299548,16268
2024/09/24,31325760,26212
2024/09/25,31351606,25846
2024/09/26,31377821,26215
2024/09/27,31403286,25465
2024/09/28,31427185,23899
2024/09/29,31443185,16000
2024/09/30,31460981,17796
2024/10/01,31486386,25405
2024/10/02,31513753,27367
2024/10/03,31539654,25901
2024/10/04,31563833,24179
2024/10/05,31584103,20270
2024/10/06,31599036,14933
2024/10/07,31615069,16033
2024/10/08,31644092,29023
2024/10/09,31674993,30901
2024/10/10,31707246,32253
2024/10/11,31741522,34276
2024/10/12,31770451,28929
2024/10/13,31786087,15636
2024/10/14,31803362,17275
2024/10/15,31828434,25072
2024/10/16,31854400,25966
2024/10/17,31883434,29034
2024/10/18,31910063,26629
2024/10/19,31933876,23813
2024/10/20,31949080,15204
2024/10/21,31966214,17134
2024/10/22,31995188,28974
2024/10/23,32027210,32022
2024/10/24,32057007,29797
2024/10/25,32085442,28435
2024/10/26,32108920,23478
2024/10/27,32123758,14838
2024/10/28,32139807,16049
2024/10/29,32168280,28473
2024/10/31,32226609,58329
2024/11/01,32252271,25662
2024/11/02,32273801,21530
2024/11/03,32286651,12850
2024/11/04,32301183,14532
2024/11/05,32329479,28296
2024/11/06,32359131,29652
2024/11/07,32388421,29290
2024/11/08,32417658,29237
2024/11/09,32442510,24852
2024/11/10,32457507,14997
2024/11/11,32474928,17421
2024/11/12,32501660,26732
2024/11/13,32529640,27980
2024/11/14,32558067,28427
2024/11/15,32587618,29551
2024/11/16,32612761,25143
2024/11/17,32627353,14592
2024/11/18,32643340,15987
2024/11/19,32670542,27202
2024/11/20,32699912,29370
2024/11/21,32728408,28496
2024/11/22,32758755,30347
2024/11/23,32784301,25546
2024/11/24,32797628,13327
2024/11/25,32813163,15535
2024/11/26,32843367,30204
2024/11/27,32871856,28489
2024/11/28,32897759,25903
2024/11/29,32919828,22069
2024/11/30,32938638,18810
2024/12/01,32951561,12923
2024/12/02,32965614,14053
2024/12/03,32989568,23954
2024/12/04,33014179,24611
2024/12/05,33040335,26156
2024/12/06,33067105,26770
2024/12/07,33090714,23609
2024/12/08,33105361,14647
2024/12/09,33121825,16464
2024/12/10,33150095,28270
2024/12/11,33177292,27197
2024/12/12,33203873,26581
2024/12/13,33230124,26251
2024/12/14,33250444,20320
2024/12/15,33265394,14950
2024/12/16,33281409,16015
2024/12/17,33307430,26021
2024/12/18,33337457,30027
2024/12/19,33374956,37499
2024/12/20,33409641,34685
2024/12/21,33438406,28765
2024/12/22,33453130,14724
2024/12/23,33470046,16916
2024/12/24,33497539,27493
2024/12/25,33520244,22705
2024/12/26,33541960,21716
2024/12/27,33562753,20793
2024/12/28,33580794,18041
2024/12/29,33598021,17227
2024/12/30,33616389,18368
2024/12/31,33638020,21631
2025/01/01,33658363,20343
2025/01/02,33676886,18523
2025/01/03,33706918,30032
2025/01/04,33764084,57166
2025/01/05,33784782,20698
2025/01/06,33821988,37206
2025/01/07,33856068,34080
2025/01/08,33888687,32619
2025/01/09,33920215,31528
2025/01/10,33958797,38582
2025/01/11,33987104,28307
2025/01/12,34007651,20547
2025/01/13,34028585,20934
2025/01/14,34064971,36386
2025/01/15,34111882,46911
2025/01/16,34158482,46600
2025/01/17,34196978,38496
2025/01/18,34226279,29301
2025/01/19,34245942,19663
2025/01/20,34264095,18153
2025/01/21,34301564,37469
2025/01/22,34347038,45474
2025/01/23,34385138,38100
2025/01/24,34419781,34643
2025/01/25,34456618,36837
2025/01/26,34475917,19299
2025/01/27,34499092,23175
2025/01/28,34538912,39820
2025/01/29,34581824,42912
2025/01/30,34619648,37824
2025/01/31,34652470,32822
2025/02/01,34682898,30428
2025/02/02,34698442,15544
2025/02/03,34716315,17873
2025/02/04,34748828,32513
2025/02/05,34786260,37432
2025/02/06,34819092,32832
2025/02/07,34852199,33107
2025/02/08,34876847,24648
2025/02/09,34891486,14639
2025/02/10,34907210,15724
2025/02/11,34932637,25427
2025/02/12,34958893,26256
2025/02/13,34985638,26745
2025/02/14,35012884,27246
2025/02/15,35035675,22791
2025/02/16,35049633,13958
2025/02/17,35063745,14112
2025/02/18,35090745,27000
2025/02/19,35119129,28384
2025/02/20,35150393,31264
2025/02/21,35193033,42640
2025/02/22,35206642,13609
2025/02/23,35222781,16139
2025/02/24,35237728,14947
2025/02/25,35262499,24771
2025/02/26,35293199,30700
2025/02/27,35328649,35450
2025/02/28,35355919,27270
2025/03/01,35380329,24410
2025/03/02,35403852,23523
2025/03/03,35427707,23855
2025/03/04,35461006,33299
2025/03/05,35490964,29958
2025/03/06,35526635,35671
2025/03/07,35556203,29568
2025/03/08,35580429,24226
2025/03/09,35599178,18749
