Date,Count,Delta
2023/12/21,4578,0
2023/12/22,4588,10
2023/12/23,4588,0
2023/12/24,4588,0
2023/12/25,4592,4
2023/12/26,4592,0
2023/12/27,4594,2
2023/12/28,4594,0
2023/12/29,4594,0
2023/12/30,4594,0
2023/12/31,4594,0
2024/01/01,4594,0
2024/01/02,4594,0
2024/01/03,4597,3
2024/01/04,4597,0
2024/01/05,4597,0
2024/01/06,4605,8
2024/01/07,4605,0
2024/01/08,4605,0
2024/01/09,4607,2
2024/01/10,4607,0
2024/01/11,4619,12
2024/01/12,4619,0
2024/01/13,4621,2
2024/01/14,4623,2
2024/01/15,4623,0
2024/01/16,4788,165
2024/01/17,4812,24
2024/01/18,4812,0
2024/01/19,4814,2
2024/01/20,4821,7
2024/01/21,4834,13
2024/01/22,4834,0
2024/01/23,4834,0
2024/01/24,4836,2
2024/01/25,6038,1202
2024/01/26,6048,10
2024/01/27,6048,0
2024/01/28,6048,0
2024/01/29,6056,8
2024/01/30,6214,158
2024/01/31,6214,0
2024/02/01,6286,72
2024/02/02,6318,32
2024/02/03,6320,2
2024/02/04,6320,0
2024/02/05,6322,2
2024/02/06,6322,0
2024/02/07,6334,12
2024/02/08,6344,10
2024/02/09,6346,2
2024/02/10,6407,61
2024/02/11,6415,8
2024/02/12,6415,0
2024/02/13,6415,0
2024/02/14,6435,20
2024/02/15,6439,4
2024/02/16,6461,22
2024/02/17,6465,4
2024/02/18,6465,0
2024/02/19,6465,0
2024/02/20,6467,2
2024/02/21,6483,16
2024/02/22,6485,2
2024/02/23,6485,0
2024/02/24,6509,24
2024/02/25,6513,4
2024/02/26,6513,0
2024/02/27,6549,36
2024/02/28,6585,36
2024/02/29,6611,26
2024/03/01,6611,0
2024/03/02,6611,0
2024/03/03,6611,0
2024/03/04,6611,0
2024/03/05,6611,0
2024/03/06,6611,0
2024/03/07,6611,0
2024/03/08,6611,0
2024/03/09,6611,0
2024/03/10,6611,0
2024/03/11,6615,4
2024/03/12,6615,0
2024/03/13,6615,0
2024/03/14,6645,30
2024/03/15,6645,0
2024/03/16,6645,0
2024/03/17,6645,0
2024/03/18,6649,4
2024/03/19,6651,2
2024/03/20,6657,6
2024/03/21,6659,2
2024/03/22,6659,0
2024/03/23,6785,126
2024/03/24,6790,5
2024/03/25,6790,0
2024/03/26,6805,15
2024/03/27,6807,2
2024/03/28,6814,7
2024/03/29,6818,4
2024/03/30,6841,23
2024/03/31,6858,17
2024/04/01,6864,6
2024/04/02,6871,7
2024/04/03,6877,6
2024/04/04,6890,13
2024/04/05,6898,8
2024/04/06,6901,3
2024/04/07,6904,3
2024/04/08,6904,0
2024/04/09,6920,16
2024/04/10,6929,9
2024/04/11,6941,12
2024/04/12,6946,5
2024/04/13,6948,2
2024/04/14,6952,4
2024/04/15,6954,2
2024/04/16,6972,18
2024/04/17,6982,10
2024/04/18,6992,10
2024/04/19,7010,18
2024/04/20,7037,27
2024/04/21,7041,4
2024/04/22,7063,22
2024/04/23,7135,72
2024/04/24,7147,12
2024/04/25,7151,4
2024/04/26,7165,14
2024/04/27,7173,8
2024/04/28,7179,6
2024/04/29,7185,6
2024/04/30,7193,8
2024/05/01,7209,16
2024/05/02,7213,4
2024/05/03,7245,32
2024/05/04,7267,22
2024/05/05,7273,6
2024/05/06,7285,12
2024/05/07,7329,44
2024/05/08,7465,136
2024/05/09,7475,10
2024/05/10,7479,4
2024/05/11,7507,28
2024/05/12,7531,24
2024/05/13,7571,40
2024/05/14,7606,35
2024/05/15,7616,10
2024/05/16,7629,13
2024/05/17,7646,17
2024/05/18,7665,19
2024/05/19,7753,88
2024/05/20,7785,32
2024/05/21,7814,29
2024/05/22,7897,83
2024/05/23,7963,66
2024/05/24,7979,16
2024/05/25,8075,96
2024/05/26,8091,16
2024/05/27,8130,39
2024/05/28,8163,33
2024/05/29,8231,68
2024/05/30,8267,36
2024/05/31,8309,42
2024/06/01,8342,33
2024/06/02,8373,31
2024/06/03,8447,74
2024/06/04,8580,133
2024/06/05,8651,71
2024/06/06,8781,130
2024/06/07,9262,481
2024/06/08,9879,617
2024/06/09,10466,587
2024/06/10,11107,641
2024/06/11,11685,578
2024/06/12,12120,435
2024/06/13,12801,681
2024/06/14,13643,842
2024/06/15,14264,621
2024/06/16,14916,652
2024/06/17,15469,553
2024/06/18,16149,680
2024/06/19,17037,888
2024/06/20,18043,1006
2024/06/21,19082,1039
2024/06/22,20180,1098
2024/06/23,20982,802
2024/06/24,21611,629
2024/06/25,21935,324
2024/06/26,22837,902
2024/06/27,23834,997
2024/06/28,24952,1118
2024/06/29,26063,1111
2024/06/30,27382,1319
2024/07/01,28484,1102
2024/07/02,29695,1211
2024/07/03,30908,1213
2024/07/04,31914,1006
2024/07/05,32964,1050
2024/07/06,34022,1058
2024/07/07,35106,1084
2024/07/08,36164,1058
2024/07/09,37282,1118
2024/07/10,38657,1375
2024/07/11,39753,1096
2024/07/12,40737,984
2024/07/13,41822,1085
2024/07/14,42952,1130
2024/07/15,44082,1130
2024/07/16,45160,1078
2024/07/17,46276,1116
2024/07/18,47409,1133
2024/07/19,48460,1051
2024/07/20,49546,1086
2024/07/21,50543,997
2024/07/22,51557,1014
2024/07/23,52646,1089
2024/07/24,53684,1038
2024/07/25,54786,1102
2024/07/26,56083,1297
2024/07/27,57361,1278
2024/07/28,58452,1091
2024/07/29,59509,1057
2024/07/30,60574,1065
2024/07/31,61528,954
2024/08/01,62502,974
2024/08/02,63568,1066
2024/08/03,64609,1041
2024/08/04,65667,1058
2024/08/05,66762,1095
2024/08/06,67789,1027
2024/08/07,68826,1037
2024/08/08,69910,1084
2024/08/09,71013,1103
2024/08/10,72078,1065
2024/08/11,73109,1031
2024/08/12,74193,1084
2024/08/13,75131,938
2024/08/14,76008,877
2024/08/15,76635,627
2024/08/16,77295,660
2024/08/17,77950,655
2024/08/18,78590,640
2024/08/19,79267,677
2024/08/20,79955,688
2024/08/21,80680,725
2024/08/22,81573,893
2024/08/23,82295,722
2024/08/24,83119,824
2024/08/25,83916,797
2024/08/26,84747,831
2024/08/27,85657,910
2024/08/28,86544,887
2024/08/29,87375,831
2024/08/30,88286,911
2024/08/31,89141,855
2024/09/01,90020,879
2024/09/02,90876,856
2024/09/03,91770,894
2024/09/04,92525,755
2024/09/05,93123,598
2024/09/06,93630,507
2024/09/07,94147,517
2024/09/08,94674,527
2024/09/09,95212,538
2024/09/10,95680,468
2024/09/11,96214,534
2024/09/12,96608,394
2024/09/13,96900,292
2024/09/14,97197,297
2024/09/15,97538,341
2024/09/16,97861,323
2024/09/17,98316,455
2024/09/18,98731,415
2024/09/19,99091,360
2024/09/20,99429,338
2024/09/21,99870,441
2024/09/22,100171,301
2024/09/23,100441,270
2024/09/24,100773,332
2024/09/25,101142,369
2024/09/26,102047,905
2024/09/27,102322,275
2024/09/28,102700,378
2024/09/29,103053,353
2024/09/30,103395,342
2024/10/01,103719,324
2024/10/02,104063,344
2024/10/03,104388,325
2024/10/04,104761,373
2024/10/05,105093,332
2024/10/06,105376,283
2024/10/07,105696,320
2024/10/08,106065,369
2024/10/09,106460,395
2024/10/10,106742,282
2024/10/11,106999,257
2024/10/12,107395,396
2024/10/13,107752,357
2024/10/14,108153,401
2024/10/15,108609,456
2024/10/16,109058,449
2024/10/17,109499,441
2024/10/18,109942,443
2024/10/19,110328,386
2024/10/20,110735,407
2024/10/21,111042,307
2024/10/22,111470,428
2024/10/23,111868,398
2024/10/24,112238,370
2024/10/25,112585,347
2024/10/26,112931,346
2024/10/27,113276,345
2024/10/28,113657,381
2024/10/29,114082,425
2024/10/31,114762,680
2024/11/01,115127,365
2024/11/02,115480,353
2024/11/03,115881,401
2024/11/04,116327,446
2024/11/05,116703,376
2024/11/06,116912,209
2024/11/07,117150,238
2024/11/08,117464,314
2024/11/09,117713,249
2024/11/10,117984,271
2024/11/11,118257,273
2024/11/12,118478,221
2024/11/13,118783,305
2024/11/14,119054,271
2024/11/15,119249,195
2024/11/16,119472,223
2024/11/17,119740,268
2024/11/18,120076,336
2024/11/19,120364,288
2024/11/20,120631,267
2024/11/21,120902,271
2024/11/22,121367,465
2024/11/23,121632,265
2024/11/24,122091,459
2024/11/25,122658,567
2024/11/26,123135,477
2024/11/27,123638,503
2024/11/28,124025,387
2024/11/29,124533,508
2024/11/30,124889,356
2024/12/01,125316,427
2024/12/02,125700,384
2024/12/03,126159,459
2024/12/04,126573,414
2024/12/05,126975,402
2024/12/06,127419,444
2024/12/07,127800,381
2024/12/08,128205,405
2024/12/09,128632,427
2024/12/10,128976,344
2024/12/11,129334,358
2024/12/12,129660,326
2024/12/13,130092,432
2024/12/14,130444,352
2024/12/15,130843,399
2024/12/16,131231,388
2024/12/17,131685,454
2024/12/18,132133,448
2024/12/19,132557,424
2024/12/20,132890,333
2024/12/21,133186,296
2024/12/22,133557,371
2024/12/23,133955,398
2024/12/24,134333,378
2024/12/25,134728,395
2024/12/26,135163,435
2024/12/27,135499,336
2024/12/28,135950,451
2024/12/29,136338,388
2024/12/30,136768,430
2024/12/31,137146,378
2025/01/01,137498,352
2025/01/02,137888,390
2025/01/03,138186,298
2025/01/04,138581,395
2025/01/05,138979,398
2025/01/06,139403,424
2025/01/07,139667,264
2025/01/08,139876,209
2025/01/09,140260,384
2025/01/10,140572,312
2025/01/11,140902,330
2025/01/12,141229,327
2025/01/13,141584,355
2025/01/14,141908,324
2025/01/15,142200,292
2025/01/16,142449,249
2025/01/17,142706,257
2025/01/18,143079,373
2025/01/19,143361,282
2025/01/20,143674,313
2025/01/21,143979,305
2025/01/22,144241,262
2025/01/23,144549,308
2025/01/24,144844,295
2025/01/25,145079,235
2025/01/26,145386,307
2025/01/27,145750,364
2025/01/28,146027,277
2025/01/29,146298,271
2025/01/30,146636,338
2025/01/31,146920,284
2025/02/01,147185,265
2025/02/02,147403,218
2025/02/03,147579,176
2025/02/04,147784,205
2025/02/05,147962,178
2025/02/06,148153,191
2025/02/07,148467,314
2025/02/08,148807,340
2025/02/09,149062,255
2025/02/10,149177,115
2025/02/11,149512,335
2025/02/12,149650,138
2025/02/13,149774,124
2025/02/14,149911,137
2025/02/15,150138,227
2025/02/16,150364,226
2025/02/17,150589,225
2025/02/18,150753,164
2025/02/19,151020,267
2025/02/20,151242,222
2025/02/21,151595,353
2025/02/22,151665,70
2025/02/23,151999,334
2025/02/24,152187,188
2025/02/25,152402,215
2025/02/26,152589,187
2025/02/27,152798,209
2025/02/28,153145,347
2025/03/01,153303,158
2025/03/02,153392,89
2025/03/03,153473,81
2025/03/04,153723,250
2025/03/05,154014,291
2025/03/06,154320,306
2025/03/07,154635,315
2025/03/08,154872,237
2025/03/09,155247,375
2025/03/10,155560,313
2025/03/11,155828,268
2025/03/12,156115,287
2025/03/13,156345,230
2025/03/14,156667,322
2025/03/15,156862,195
2025/03/16,157020,158
2025/03/17,157122,102
2025/03/18,157376,254
2025/03/19,157545,169
2025/03/20,157650,105
2025/03/21,157841,191
2025/03/22,158111,270
2025/03/23,158271,160
2025/03/24,158346,75
2025/03/25,158635,289
2025/03/26,158886,251
2025/03/27,159181,295
2025/03/28,159395,214
2025/03/29,159589,194
2025/03/30,159880,291
2025/03/31,160013,133
2025/04/01,160230,217
2025/04/02,160622,392
2025/04/03,160917,295
2025/04/04,161057,140
2025/04/05,161137,80
2025/04/06,161296,159
2025/04/07,161431,135
2025/04/08,161646,215
2025/04/09,161722,76
2025/04/10,161834,112
2025/04/11,161954,120
2025/04/12,162099,145
2025/04/13,162243,144
2025/04/14,162463,220
2025/04/15,162606,143
2025/04/16,162715,109
2025/04/17,162842,127
2025/04/18,163015,173
2025/04/19,163165,150
2025/04/20,163311,146
2025/04/21,163428,117
2025/04/22,163548,120
2025/04/23,163693,145
2025/04/24,163865,172
2025/04/25,164049,184
2025/04/26,164218,169
2025/04/27,164406,188
2025/04/28,164590,184
2025/04/29,164754,164
2025/04/30,164952,198
2025/05/01,165168,216
2025/05/02,165404,236
2025/05/03,165610,206
2025/05/04,165754,144
2025/05/05,165855,101
2025/05/06,166019,164
2025/05/07,166177,158
2025/05/08,166319,142
2025/05/09,166417,98
2025/05/10,166547,130
2025/05/11,166762,215
2025/05/12,166887,125
2025/05/13,167000,113
2025/05/14,167149,149
2025/05/15,167306,157
2025/05/16,167459,153
2025/05/17,167650,191
2025/05/18,167751,101
2025/05/19,167931,180
2025/05/20,168113,182
2025/05/21,168206,93
2025/05/22,168373,167
2025/05/23,168508,135
2025/05/24,168663,155
2025/05/25,168815,152
2025/05/26,169057,242
2025/05/27,169254,197
2025/05/28,169397,143
2025/05/29,169561,164
2025/05/30,169740,179
2025/05/31,169945,205
2025/06/01,170084,139
2025/06/02,170239,155
2025/06/03,170427,188
2025/06/04,170579,152
2025/06/05,170697,118
2025/06/06,170813,116
2025/06/07,170951,138
2025/06/08,171114,163
2025/06/09,171255,141
2025/06/10,171450,195
2025/06/11,171605,155
2025/06/12,171728,123
2025/06/13,171885,157
2025/06/14,171994,109
2025/06/15,172121,127
2025/06/16,172299,178
2025/06/17,172414,115
2025/06/18,172578,164
2025/06/19,172790,212
2025/06/20,173018,228
2025/06/21,173170,152
2025/06/22,173381,211
2025/06/23,173514,133
2025/06/24,173635,121
2025/06/25,173810,175
2025/06/26,173960,150
2025/06/27,174122,162
2025/06/28,174326,204
2025/06/29,174527,201
2025/06/30,174684,157
2025/07/01,174781,97
2025/07/02,174894,113
2025/07/03,175013,119
2025/07/04,175178,165
2025/07/05,175294,116
2025/07/06,175451,157
2025/07/07,175572,121
2025/07/08,175749,177
2025/07/09,175767,18
