Date,Count,Delta
2023/10/26,11730521,0
2023/10/27,11778510,47989
2023/10/28,11819999,41489
2023/10/29,11847080,27081
2023/10/30,11880756,33676
2023/10/31,11928352,47596
2023/11/01,11981978,53626
2023/11/02,12028999,47021
2023/11/03,12077779,48780
2023/11/04,12123916,46137
2023/11/05,12161375,37459
2023/11/06,12205845,44470
2023/11/07,12256199,50354
2023/11/08,12306305,50106
2023/11/09,12354926,48621
2023/11/10,12400235,45309
2023/11/11,12440309,40074
2023/11/12,12467469,27160
2023/11/13,12497221,29752
2023/11/14,12546618,49397
2023/11/15,12607386,60768
2023/11/16,12661168,53782
2023/11/17,12716174,55006
2023/11/18,12767189,51015
2023/11/19,12797710,30521
2023/11/20,12829011,31301
2023/11/21,12875304,46293
2023/11/22,12925553,50249
2023/11/23,12974504,48951
2023/11/24,13020732,46228
2023/11/25,13064741,44009
2023/11/26,13098029,33288
2023/11/27,13135537,37508
2023/11/28,13189489,53952
2023/11/29,13243851,54362
2023/11/30,13300582,56731
2023/12/01,13361724,61142
2023/12/02,13421377,59653
2023/12/03,13468427,47050
2023/12/04,13518076,49649
2023/12/05,13583297,65221
2023/12/06,13647621,64324
2023/12/07,13714244,66623
2023/12/08,13778780,64536
2023/12/09,13833411,54631
2023/12/10,13877654,44243
2023/12/11,13923610,45956
2023/12/12,13987293,63683
2023/12/13,14058532,71239
2023/12/14,14127905,69373
2023/12/15,14193759,65854
2023/12/16,14255242,61483
2023/12/17,14303966,48724
2023/12/18,14354543,50577
2023/12/19,14417713,63170
2023/12/20,14479905,62192
2023/12/21,14544072,64167
2023/12/22,14606091,62019
2023/12/23,14661948,55857
2023/12/24,14707767,45819
2023/12/25,14756254,48487
2023/12/26,14808082,51828
2023/12/27,14865374,57292
2023/12/28,14924244,58870
2023/12/29,14980215,55971
2023/12/30,15033713,53498
2023/12/31,15080792,47079
2024/01/01,15128142,47350
2024/01/02,15178530,50388
2024/01/03,15238786,60256
2024/01/04,15302416,63630
2024/01/05,15368106,65690
2024/01/06,15429388,61282
2024/01/07,15478544,49156
2024/01/08,15532311,53767
2024/01/09,15598086,65775
2024/01/10,15654246,56160
2024/01/11,15708812,54566
2024/01/12,15758874,50062
2024/01/13,15805378,46504
2024/01/14,15841064,35686
2024/01/15,15878231,37167
2024/01/16,15923469,45238
2024/01/17,15972308,48839
2024/01/18,16021719,49411
2024/01/19,16064825,43106
2024/01/20,16107117,42292
2024/01/21,16135202,28085
2024/01/22,16165381,30179
2024/01/23,16212694,47313
2024/01/24,16257090,44396
2024/01/25,16304051,46961
2024/01/26,16350057,46006
2024/01/27,16390132,40075
2024/01/28,16420651,30519
2024/01/29,16452890,32239
2024/01/30,16499033,46143
2024/01/31,16547742,48709
2024/02/01,16598356,50614
2024/02/02,16648307,49951
2024/02/03,16696339,48032
2024/02/04,16732694,36355
2024/02/05,16768834,36140
2024/02/06,16816907,48073
2024/02/07,16863057,46150
2024/02/08,16907904,44847
2024/02/09,16951619,43715
2024/02/10,16987380,35761
2024/02/11,17013381,26001
2024/02/12,17040966,27585
2024/02/13,17082454,41488
2024/02/14,17121792,39338
2024/02/15,17160259,38467
2024/02/16,17200919,40660
2024/02/17,17238481,37562
2024/02/18,17265190,26709
2024/02/19,17293856,28666
2024/02/20,17333516,39660
2024/02/21,17377746,44230
2024/02/22,17423625,45879
2024/02/23,17468434,44809
2024/02/24,17506582,38148
2024/02/25,17533300,26718
2024/02/26,17560438,27138
2024/02/27,17601777,41339
2024/02/28,17646317,44540
2024/02/29,17691307,44990
2024/03/01,17736134,44827
2024/03/02,17778543,42409
2024/03/03,17809294,30751
2024/03/04,17842402,33108
2024/03/05,17887580,45178
2024/03/06,17934684,47104
2024/03/07,17980258,45574
2024/03/08,18024964,44706
2024/03/09,18059816,34852
2024/03/10,18080876,21060
2024/03/11,18102365,21489
2024/03/12,18138633,36268
2024/03/13,18175205,36572
2024/03/14,18212656,37451
2024/03/15,18248559,35903
2024/03/16,18282662,34103
2024/03/17,18303880,21218
2024/03/18,18325504,21624
2024/03/19,18362885,37381
2024/03/20,18400475,37590
2024/03/21,18440664,40189
2024/03/22,18477411,36747
2024/03/23,18510512,33101
2024/03/24,18531381,20869
2024/03/25,18552863,21482
2024/03/26,18586323,33460
2024/03/27,18620838,34515
2024/03/28,18655898,35060
2024/03/29,18690831,34933
2024/03/30,18717083,26252
2024/03/31,18737774,20691
2024/04/01,18758352,20578
2024/04/02,18789894,31542
2024/04/03,18824634,34740
2024/04/04,18861206,36572
2024/04/05,18899718,38512
2024/04/06,18936679,36961
2024/04/07,18963645,26966
2024/04/08,18992869,29224
2024/04/09,19033068,40199
2024/04/10,19069845,36777
2024/04/11,19107582,37737
2024/04/12,19147541,39959
2024/04/13,19180177,32636
2024/04/14,19203805,23628
2024/04/15,19228837,25032
2024/04/16,19267267,38430
2024/04/17,19306473,39206
2024/04/18,19345177,38704
2024/04/19,19384186,39009
2024/04/20,19418072,33886
2024/04/21,19439679,21607
2024/04/22,19462709,23030
2024/04/23,19501246,38537
2024/04/24,19538833,37587
2024/04/25,19577294,38461
2024/04/26,19614834,37540
2024/04/27,19644991,30157
2024/04/28,19664235,19244
2024/04/29,19685172,20937
2024/04/30,19718272,33100
2024/05/01,19753186,34914
2024/05/02,19783848,30662
2024/05/03,19819420,35572
2024/05/04,19850722,31302
2024/05/05,19873259,22537
2024/05/06,19898770,25511
2024/05/07,19933272,34502
2024/05/08,19970872,37600
2024/05/09,20007479,36607
2024/05/10,20041506,34027
2024/05/11,20073523,32017
2024/05/12,20094170,20647
2024/05/13,20115469,21299
2024/05/14,20150296,34827
2024/05/15,20187433,37137
2024/05/16,20223433,36000
2024/05/17,20258155,34722
2024/05/18,20287045,28890
2024/05/19,20304863,17818
2024/05/20,20324222,19359
2024/05/21,20354799,30577
2024/05/22,20389704,34905
2024/05/23,20423546,33842
2024/05/24,20457416,33870
2024/05/25,20488320,30904
2024/05/26,20506537,18217
2024/05/27,20527267,20730
2024/05/28,20562662,35395
2024/05/29,20600882,38220
2024/05/30,20637651,36769
2024/05/31,20673471,35820
2024/06/01,20705341,31870
2024/06/02,20725280,19939
2024/06/03,20748090,22810
2024/06/04,20788834,40744
2024/06/05,20829776,40942
2024/06/06,20869291,39515
2024/06/07,20911699,42408
2024/06/08,20947507,35808
2024/06/09,20969787,22280
2024/06/10,20994660,24873
2024/06/11,21038194,43534
2024/06/12,21081563,43369
2024/06/13,21124173,42610
2024/06/14,21164923,40750
2024/06/15,21197677,32754
2024/06/16,21217423,19746
2024/06/17,21239060,21637
2024/06/18,21277816,38756
2024/06/19,21318867,41051
2024/06/20,21360067,41200
2024/06/21,21398578,38511
2024/06/22,21433860,35282
2024/06/23,21455423,21563
2024/06/24,21480201,24778
2024/06/25,21517920,37719
2024/06/26,21562230,44310
2024/06/27,21606386,44156
2024/06/28,21649292,42906
2024/06/29,21686387,37095
2024/06/30,21711017,24630
2024/07/01,21737626,26609
2024/07/02,21784397,46771
2024/07/03,21837823,53426
2024/07/04,21890767,52944
2024/07/05,21939364,48597
2024/07/06,21983267,43903
2024/07/07,22017724,34457
2024/07/08,22055181,37457
2024/07/09,22105752,50571
2024/07/10,22157023,51271
2024/07/11,22208076,51053
2024/07/12,22256647,48571
2024/07/13,22296468,39821
2024/07/14,22325887,29419
2024/07/15,22358846,32959
2024/07/16,22409387,50541
2024/07/17,22459879,50492
2024/07/18,22510704,50825
2024/07/19,22562088,51384
2024/07/20,22605871,43783
2024/07/21,22639923,34052
2024/07/22,22675779,35856
2024/07/23,22728606,52827
2024/07/24,22783131,54525
2024/07/25,22834197,51066
2024/07/26,22883403,49206
2024/07/27,22929861,46458
2024/07/28,22966676,36815
2024/07/29,23007573,40897
2024/07/30,23063070,55497
2024/07/31,23113451,50381
2024/08/01,23161104,47653
2024/08/02,23212483,51379
2024/08/03,23259275,46792
2024/08/04,23296418,37143
2024/08/05,23335185,38767
2024/08/06,23388334,53149
2024/08/07,23439460,51126
2024/08/08,23487840,48380
2024/08/09,23535057,47217
2024/08/10,23575917,40860
2024/08/11,23606547,30630
2024/08/12,23640675,34128
2024/08/13,23688053,47378
2024/08/14,23736386,48333
2024/08/15,23781795,45409
2024/08/16,23823260,41465
2024/08/17,23861068,37808
2024/08/18,23888993,27925
2024/08/19,23921873,32880
2024/08/20,23967685,45812
2024/08/21,24015622,47937
2024/08/22,24069135,53513
2024/08/23,24120634,51499
2024/08/24,24164489,43855
2024/08/25,24197803,33314
2024/08/26,24231115,33312
2024/08/27,24278706,47591
2024/08/28,24327402,48696
2024/08/29,24377653,50251
2024/08/30,24425239,47586
2024/08/31,24466050,40811
2024/09/01,24497305,31255
2024/09/02,24529534,32229
2024/09/03,24572412,42878
2024/09/04,24607700,35288
2024/09/05,24631696,23996
2024/09/06,24654557,22861
2024/09/07,24672486,17929
2024/09/08,24685092,12606
2024/09/09,24699340,14248
2024/09/10,24721017,21677
2024/09/11,24743087,22070
2024/09/12,24766084,22997
2024/09/13,24788006,21922
2024/09/14,24806191,18185
2024/09/15,24818318,12127
2024/09/16,24831583,13265
2024/09/17,24854219,22636
2024/09/18,24875955,21736
2024/09/19,24898438,22483
2024/09/20,24920725,22287
2024/09/21,24939916,19191
2024/09/22,24950638,10722
2024/09/23,24962570,11932
2024/09/24,24984030,21460
2024/09/25,25006846,22816
2024/09/26,25029763,22917
2024/09/27,25053097,23334
2024/09/28,25072544,19447
2024/09/29,25085535,12991
2024/09/30,25100049,14514
2024/10/01,25121479,21430
2024/10/02,25143370,21891
2024/10/03,25164482,21112
2024/10/04,25185168,20686
2024/10/05,25202778,17610
2024/10/06,25215069,12291
2024/10/07,25228873,13804
2024/10/08,25252033,23160
2024/10/09,25274785,22752
2024/10/10,25298114,23329
2024/10/11,25319913,21799
2024/10/12,25337259,17346
2024/10/13,25349683,12424
2024/10/14,25363212,13529
2024/10/15,25385043,21831
2024/10/16,25407486,22443
2024/10/17,25429353,21867
2024/10/18,25451088,21735
2024/10/19,25468853,17765
2024/10/20,25479827,10974
2024/10/21,25492231,12404
2024/10/22,25515063,22832
2024/10/23,25539203,24140
2024/10/24,25563222,24019
2024/10/25,25587945,24723
2024/10/26,25607273,19328
2024/10/27,25620168,12895
2024/10/28,25634042,13874
2024/10/29,25657405,23363
2024/10/31,25705385,47980
2024/11/01,25728115,22730
2024/11/02,25747615,19500
2024/11/03,25758060,10445
2024/11/04,25769826,11766
2024/11/05,25793441,23615
2024/11/06,25818314,24873
2024/11/07,25841226,22912
2024/11/08,25864424,23198
2024/11/09,25883672,19248
2024/11/10,25895910,12238
2024/11/11,25909702,13792
2024/11/12,25930994,21292
2024/11/13,25954091,23097
2024/11/14,25978420,24329
2024/11/15,26002558,24138
2024/11/16,26022606,20048
2024/11/17,26035677,13071
2024/11/18,26049705,14028
2024/11/19,26073145,23440
2024/11/20,26098243,25098
2024/11/21,26121147,22904
2024/11/22,26145164,24017
2024/11/23,26165354,20190
2024/11/24,26177158,11804
2024/11/25,26190736,13578
2024/11/26,26216226,25490
2024/11/27,26239861,23635
2024/11/28,26260646,20785
2024/11/29,26278710,18064
2024/11/30,26294787,16077
2024/12/01,26306772,11985
2024/12/02,26319694,12922
2024/12/03,26340436,20742
2024/12/04,26361589,21153
2024/12/05,26384060,22471
2024/12/06,26406405,22345
2024/12/07,26425331,18926
2024/12/08,26438274,12943
2024/12/09,26453043,14769
2024/12/10,26475870,22827
2024/12/11,26499200,23330
2024/12/12,26523188,23988
2024/12/13,26544906,21718
2024/12/14,26563136,18230
2024/12/15,26577780,14644
2024/12/16,26593460,15680
2024/12/17,26616242,22782
2024/12/18,26639768,23526
2024/12/19,26662387,22619
2024/12/20,26683259,20872
2024/12/21,26701886,18627
2024/12/22,26715501,13615
2024/12/23,26729993,14492
2024/12/24,26747537,17544
2024/12/25,26763685,16148
2024/12/26,26778083,14398
2024/12/27,26793722,15639
2024/12/28,26809479,15757
2024/12/29,26823627,14148
2024/12/30,26839893,16266
2024/12/31,26857509,17616
2025/01/01,26881225,23716
2025/01/02,26895212,13987
2025/01/03,26912781,17569
2025/01/04,26927843,15062
2025/01/05,26941787,13944
2025/01/06,26956321,14534
2025/01/07,26976399,20078
2025/01/08,26997720,21321
2025/01/09,27019616,21896
2025/01/10,27042152,22536
2025/01/11,27061487,19335
2025/01/12,27073967,12480
2025/01/13,27087696,13729
2025/01/14,27109227,21531
2025/01/15,27130492,21265
2025/01/16,27151604,21112
2025/01/17,27173733,22129
2025/01/18,27197747,24014
2025/01/19,27215191,17444
2025/01/20,27231776,16585
2025/01/21,27255034,23258
2025/01/22,27281975,26941
2025/01/23,27310330,28355
2025/01/24,27340689,30359
2025/01/25,27360890,20201
2025/01/26,27373976,13086
2025/01/27,27387873,13897
2025/01/28,27411148,23275
2025/01/29,27434868,23720
2025/01/30,27460165,25297
2025/01/31,27484513,24348
2025/02/01,27506716,22203
2025/02/02,27521289,14573
2025/02/03,27537697,16408
2025/02/04,27563243,25546
2025/02/05,27590133,26890
2025/02/06,27621001,30868
2025/02/07,27655741,34740
2025/02/08,27684725,28984
2025/02/09,27704428,19703
2025/02/10,27725216,20788
2025/02/11,27758398,33182
2025/02/12,27791990,33592
2025/02/13,27823275,31285
2025/02/14,27856078,32803
2025/02/15,27889102,33024
2025/02/16,27910660,21558
2025/02/17,27933995,23335
2025/02/18,27971427,37432
2025/02/19,28015375,43948
2025/02/20,28056380,41005
2025/02/21,28117287,60907
2025/02/22,28130408,13121
2025/02/23,28144850,14442
2025/02/24,28159995,15145
2025/02/25,28184736,24741
2025/02/26,28213246,28510
2025/02/27,28240160,26914
2025/02/28,28265872,25712
2025/03/01,28287452,21580
2025/03/02,28302655,15203
2025/03/03,28318544,15889
2025/03/04,28399615,81071
2025/03/05,28521578,121963
2025/03/06,28624548,102970
2025/03/07,28741883,117335
2025/03/08,28859158,117275
2025/03/09,28943729,84571
2025/03/10,28959502,15773
2025/03/11,28986328,26826
2025/03/12,29013659,27331
2025/03/13,29040107,26448
2025/03/14,29066784,26677
2025/03/15,29088224,21440
2025/03/16,29100820,12596
2025/03/17,29115857,15037
2025/03/18,29142328,26471
2025/03/19,29171579,29251
2025/03/20,29199636,28057
2025/03/21,29227721,28085
2025/03/22,29252341,24620
2025/03/23,29266162,13821
2025/03/24,29282386,16224
2025/03/25,29312306,29920
2025/03/26,29344364,32058
2025/03/27,29376370,32006
2025/03/28,29403674,27304
2025/03/29,29428377,24703
2025/03/30,29444796,16419
2025/03/31,29462519,17723
2025/04/01,29489334,26815
2025/04/02,29516563,27229
2025/04/03,29546631,30068
2025/04/04,29572716,26085
2025/04/05,29592329,19613
2025/04/06,29604632,12303
2025/04/07,29618979,14347
2025/04/08,29643919,24940
2025/04/09,29671978,28059
2025/04/10,29698886,26908
2025/04/11,29726849,27963
2025/04/12,29750797,23948
2025/04/13,29766157,15360
2025/04/14,29782975,16818
2025/04/15,29810111,27136
2025/04/16,29839086,28975
2025/04/17,29870763,31677
2025/04/18,29899588,28825
2025/04/19,29922590,23002
2025/04/20,29942443,19853
2025/04/21,29962051,19608
2025/04/22,29988870,26819
2025/04/23,30019606,30736
2025/04/24,30057062,37456
2025/04/25,30100173,43111
2025/04/26,30145022,44849
2025/04/27,30183707,38685
2025/04/28,30219810,36103
2025/04/29,30262289,42479
