Date,Count,Delta
2023/12/21,4578,0
2023/12/22,4588,10
2023/12/23,4588,1
2023/12/24,4588,0
2023/12/25,4592,2
2023/12/26,4592,0
2023/12/27,4594,3
2023/12/28,4594,0
2023/12/29,4594,4
2023/12/30,4594,0
2023/12/31,4594,5
2024/01/01,4594,0
2024/01/02,4594,6
2024/01/03,4597,3
2024/01/04,4597,0
2024/01/05,4597,0
2024/01/06,4605,8
2024/01/07,4605,0
2024/01/08,4605,0
2024/01/09,4607,2
2024/01/10,4607,0
2024/01/11,4619,12
2024/01/12,4619,0
2024/01/13,4621,2
2024/01/14,4623,2
2024/01/15,4623,0
2024/01/16,4788,165
2024/01/17,4812,24
2024/01/18,4812,0
2024/01/19,4814,2
2024/01/20,4821,7
2024/01/21,4834,13
2024/01/22,4834,0
2024/01/23,4834,0
2024/01/24,4836,2
2024/01/25,6038,1202
2024/01/26,6048,10
2024/01/27,6048,0
2024/01/28,6048,0
2024/01/29,6056,8
2024/01/30,6214,158
2024/01/31,6214,0
2024/02/01,6286,72
2024/02/02,6318,32
2024/02/03,6320,2
2024/02/04,6320,0
2024/02/05,6322,2
2024/02/06,6322,0
2024/02/07,6334,12
2024/02/08,6344,10
2024/02/09,6346,2
2024/02/10,6407,61
2024/02/11,6415,8
2024/02/12,6415,0
2024/02/13,6415,0
2024/02/14,6435,20
2024/02/15,6439,4
2024/02/16,6461,22
2024/02/17,6465,4
2024/02/18,6465,0
2024/02/19,6465,0
2024/02/20,6467,2
2024/02/21,6483,16
2024/02/22,6485,2
2024/02/23,6485,0
2024/02/24,6509,24
2024/02/25,6513,4
2024/02/26,6513,0
2024/02/27,6549,36
2024/02/28,6585,36
2024/02/29,6611,26
2024/03/01,6611,0
2024/03/02,6611,0
2024/03/03,6611,0
2024/03/04,6611,0
2024/03/05,6611,0
2024/03/06,6611,0
2024/03/07,6611,0
2024/03/08,6611,0
2024/03/09,6611,0
2024/03/10,6611,0
2024/03/11,6615,4
2024/03/12,6615,0
2024/03/13,6615,0
2024/03/14,6645,30
2024/03/15,6645,0
2024/03/16,6645,0
2024/03/17,6645,0
2024/03/18,6649,4
2024/03/19,6651,2
2024/03/20,6657,6
2024/03/21,6659,2
2024/03/22,6659,0
2024/03/23,6785,126
2024/03/24,6790,5
2024/03/25,6790,0
2024/03/26,6805,15
2024/03/27,6807,2
2024/03/28,6814,7
2024/03/29,6818,4
2024/03/30,6841,23
2024/03/31,6858,17
2024/04/01,6864,6
2024/04/02,6871,7
2024/04/03,6877,6
2024/04/04,6890,13
2024/04/05,6898,8
2024/04/06,6901,3
2024/04/07,6904,3
2024/04/08,6904,0
2024/04/09,6920,16
2024/04/10,6929,9
2024/04/11,6941,12
2024/04/12,6946,5
2024/04/13,6948,2
2024/04/14,6952,4
2024/04/15,6954,2
2024/04/16,6972,18
2024/04/17,6982,10
2024/04/18,6992,10
2024/04/19,7010,18
2024/04/20,7037,27
2024/04/21,7041,4
2024/04/22,7063,22
2024/04/23,7135,72
2024/04/24,7147,12
2024/04/25,7151,4
2024/04/26,7165,14
2024/04/27,7173,8
2024/04/28,7179,6
2024/04/29,7185,6
2024/04/30,7193,8
2024/05/01,7209,16
2024/05/02,7213,4
2024/05/03,7245,32
2024/05/04,7267,22
2024/05/05,7273,6
2024/05/06,7285,12
2024/05/07,7329,44
2024/05/08,7465,136
2024/05/09,7475,10
2024/05/10,7479,4
2024/05/11,7507,28
2024/05/12,7531,24
2024/05/13,7571,40
2024/05/14,7606,35
2024/05/15,7616,10
2024/05/16,7629,13
2024/05/17,7646,17
2024/05/18,7665,19
2024/05/19,7753,88
2024/05/20,7785,32
2024/05/21,7814,29
2024/05/22,7897,83
2024/05/23,7963,66
2024/05/24,7979,16
2024/05/25,8075,96
2024/05/26,8091,16
2024/05/27,8130,39
2024/05/28,8163,33
2024/05/29,8231,68
2024/05/30,8267,36
2024/05/31,8309,42
2024/06/01,8342,33
2024/06/02,8373,31
2024/06/03,8447,74
2024/06/04,8580,133
2024/06/05,8651,71
2024/06/06,8781,130
2024/06/07,9262,481
2024/06/08,9879,617
2024/06/09,10466,587
2024/06/10,11107,641
2024/06/11,11685,578
2024/06/12,12120,435
2024/06/13,12801,681
2024/06/14,13643,842
2024/06/15,14264,621
2024/06/16,14916,652
2024/06/17,15469,553
2024/06/18,16149,680
2024/06/19,17037,888
2024/06/20,18043,1006
2024/06/21,19082,1039
2024/06/22,20180,1098
2024/06/23,20982,802
2024/06/24,21611,629
2024/06/25,21935,324
2024/06/26,22837,902
2024/06/27,23834,997
2024/06/28,24952,1118
2024/06/29,26063,1111
2024/06/30,27382,1319
2024/07/01,28484,1102
2024/07/02,29695,1211
2024/07/03,30908,1213
2024/07/04,31914,1006
2024/07/05,32964,1050
2024/07/06,34022,1058
2024/07/07,35106,1084
2024/07/08,36164,1058
2024/07/09,37282,1118
2024/07/10,38657,1375
2024/07/11,39753,1096
2024/07/12,40737,984
2024/07/13,41822,1085
2024/07/14,42952,1130
2024/07/15,44082,1130
2024/07/16,45160,1078
2024/07/17,46276,1116
2024/07/18,47409,1133
2024/07/19,48460,1051
2024/07/20,49546,1086
2024/07/21,50543,997
2024/07/22,51557,1014
2024/07/23,52646,1089
2024/07/24,53684,1038
2024/07/25,54786,1102
2024/07/26,56083,1297
2024/07/27,57361,1278
2024/07/28,58452,1091
2024/07/29,59509,1057
2024/07/30,60574,1065
2024/07/31,61528,954
2024/08/01,62502,974
2024/08/02,63568,1066
2024/08/03,64609,1041
2024/08/04,65667,1058
2024/08/05,66762,1095
2024/08/06,67789,1027
2024/08/07,68826,1037
2024/08/08,69910,1084
2024/08/09,71013,1103
2024/08/10,72078,1065
2024/08/11,73109,1031
2024/08/12,74193,1084
2024/08/13,75131,938
2024/08/14,76008,877
2024/08/15,76635,627
2024/08/16,77295,660
2024/08/17,77950,655
2024/08/18,78590,640
2024/08/19,79267,677
2024/08/20,79955,688
2024/08/21,80680,725
2024/08/22,81573,893
2024/08/23,82295,722
2024/08/24,83119,824
2024/08/25,83916,797
2024/08/26,84747,831
2024/08/27,85657,910
2024/08/28,86544,887
2024/08/29,87375,831
2024/08/30,88286,911
2024/08/31,89141,855
2024/09/01,90020,879
2024/09/02,90876,856
2024/09/03,91770,894
2024/09/04,92525,755
2024/09/05,93123,598
2024/09/06,93630,507
2024/09/07,94147,517
2024/09/08,94674,527
2024/09/09,95212,538
2024/09/10,95680,468
2024/09/11,96214,534
2024/09/12,96608,394
2024/09/13,96900,292
2024/09/14,97197,297
2024/09/15,97538,341
2024/09/16,97861,323
2024/09/17,98316,455
2024/09/18,98731,415
2024/09/19,99091,360
2024/09/20,99429,338
2024/09/21,99870,441
2024/09/22,100171,301
2024/09/23,100441,270
2024/09/24,100773,332
2024/09/25,101142,369
2024/09/26,102047,905
2024/09/27,102322,275
2024/09/28,102700,378
2024/09/29,103053,353
2024/09/30,103395,342
2024/10/01,103719,324
2024/10/02,104063,344
2024/10/03,104388,325
2024/10/04,104761,373
2024/10/05,105093,332
2024/10/06,105376,283
2024/10/07,105696,320
2024/10/08,106065,369
2024/10/09,106460,395
2024/10/10,106742,282
2024/10/11,107110,368
2024/10/12,107562,452
2024/10/13,107990,428
2024/10/14,108475,485
2024/10/15,109017,542
2024/10/16,109556,539
2024/10/17,110068,512
2024/10/18,110589,521
2024/10/19,111033,444
2024/10/20,111537,504
2024/10/21,111914,377
2024/10/22,112409,495
2024/10/23,112872,463
2024/10/24,113329,457
2024/10/25,113753,424
2024/10/26,114180,427
2024/10/27,114626,446
2024/10/28,115120,494
2024/10/29,115618,498
2024/10/31,116373,755
2024/11/01,116739,366
2024/11/02,117098,359
2024/11/03,117499,401
2024/11/04,117945,446
2024/11/05,118321,376
2024/11/06,118531,210
2024/11/07,118770,239
2024/11/08,119089,319
2024/11/09,119379,290
2024/11/10,119651,272
2024/11/11,119925,274
2024/11/12,120156,231
2024/11/13,120461,305
2024/11/14,120732,271
2024/11/15,120927,195
2024/11/16,121163,236
2024/11/17,121432,269
2024/11/18,121769,337
2024/11/19,122058,289
2024/11/20,122351,293
2024/11/21,122644,293
2024/11/22,123113,469
2024/11/23,123388,275
2024/11/24,123861,473
2024/11/25,124429,568
2024/11/26,124910,481
2024/11/27,125421,511
2024/11/28,125835,414
2024/11/29,126352,517
2024/11/30,126716,364
2024/12/01,127148,432
2024/12/02,127535,387
2024/12/03,128122,587
2024/12/04,128544,422
2024/12/05,128955,411
2024/12/06,129447,492
2024/12/07,129862,415
2024/12/08,130304,442
2024/12/09,130734,430
2024/12/10,131082,348
2024/12/11,131452,370
2024/12/12,131817,365
2024/12/13,132260,443
2024/12/14,132642,382
2024/12/15,133048,406
2024/12/16,133463,415
2024/12/17,133928,465
2024/12/18,134383,455
2024/12/19,134833,450
2024/12/20,135173,340
2024/12/21,135491,318
2024/12/22,135875,384
2024/12/23,136278,403
2024/12/24,136656,378
2024/12/25,137060,404
2024/12/26,137497,437
2024/12/27,137833,336
2024/12/28,138284,451
2024/12/29,138673,389
2024/12/30,139110,437
2024/12/31,139493,383
2025/01/01,139846,353
2025/01/02,140241,395
2025/01/03,140556,315
2025/01/04,140957,401
2025/01/05,141371,414
2025/01/06,141795,424
2025/01/07,142061,266
2025/01/08,142289,228
2025/01/09,142676,387
2025/01/10,143002,326
2025/01/11,143343,341
2025/01/12,143679,336
2025/01/13,144040,361
2025/01/14,144402,362
2025/01/15,144718,316
2025/01/16,144977,259
2025/01/17,145248,271
2025/01/18,145644,396
2025/01/19,145945,301
2025/01/20,146258,313
2025/01/21,146565,307
2025/01/22,146858,293
2025/01/23,147188,330
2025/01/24,147502,314
2025/01/25,147750,248
2025/01/26,148070,320
2025/01/27,148435,365
2025/01/28,148712,277
2025/01/29,148985,273
2025/01/30,149324,339
2025/01/31,149617,293
2025/02/01,149891,274
2025/02/02,150116,225
2025/02/03,150314,198
2025/02/04,150523,209
2025/02/05,150706,183
2025/02/06,150936,230
2025/02/07,151273,337
2025/02/08,151621,348
2025/02/09,151884,263
2025/02/10,151999,115
2025/02/11,152359,360
2025/02/12,152511,152
2025/02/13,152641,130
2025/02/14,152817,176
2025/02/15,153046,229
2025/02/16,153272,226
2025/02/17,153505,233
2025/02/18,153674,169
2025/02/19,153968,294
2025/02/20,154210,242
2025/02/21,154610,400
2025/02/22,154682,72
2025/02/23,155019,337
2025/02/24,155209,190
2025/02/25,155437,228
2025/02/26,155654,217
2025/02/27,155876,222
2025/02/28,156252,376
2025/03/01,156437,185
2025/03/02,156531,94
2025/03/03,156614,83
2025/03/04,156899,285
2025/03/05,157258,359
2025/03/06,157699,441
2025/03/07,158113,414
2025/03/08,158447,334
2025/03/09,158912,465
2025/03/10,159255,343
2025/03/11,159538,283
2025/03/12,159857,319
2025/03/13,160105,248
2025/03/14,160663,558
2025/03/15,160881,218
2025/03/16,161047,166
