Date,Count,Delta
2023/03/15,43254957,0
2023/03/16,43268631,13674
2023/03/17,43283486,14855
2023/03/18,43293650,10164
2023/03/19,43301234,7584
2023/03/20,43310665,9431
2023/03/21,43324020,13355
2023/03/22,43337421,13401
2023/03/23,43351481,14060
2023/03/25,43375595,24114
2023/03/26,43383778,8183
2023/03/27,43394005,10227
2023/03/28,43408489,14484
2023/03/29,43423031,14542
2023/03/30,43437367,14336
2023/03/31,43451431,14064
2023/04/01,43463770,12339
2023/04/02,43472781,9011
2023/04/03,43483686,10905
2023/04/04,43498687,15001
2023/04/05,43514593,15906
2023/04/06,43535047,20454
2023/04/07,43548690,13643
2023/04/08,43559444,10754
2023/04/09,43568481,9037
2023/04/10,43578603,10122
2023/04/11,43592602,13999
2023/04/12,43607656,15054
2023/04/13,43622336,14680
2023/04/14,43637281,14945
2023/04/15,43649765,12484
2023/04/16,43660457,10692
2023/04/17,43671942,11485
2023/04/18,43687992,16050
2023/04/19,43703985,15993
2023/04/20,43719629,15644
2023/04/21,43733115,13486
2023/04/22,43745026,11911
2023/04/23,43754010,8984
2023/04/24,43766129,12119
2023/04/25,43780621,14492
2023/04/26,43795892,15271
2023/04/27,43810640,14748
2023/04/28,43825248,14608
2023/04/29,43837195,11947
2023/04/30,43847708,10513
2023/05/01,43859593,11885
2023/05/02,43873788,14195
2023/05/03,43889690,15902
2023/05/04,43903732,14042
2023/05/05,43916827,13095
2023/05/06,43926536,9709
2023/05/07,43933907,7371
2023/05/08,43942995,9088
2023/05/09,43957651,14656
2023/05/10,43970101,12450
2023/05/11,43983723,13622
2023/05/12,43997594,13871
2023/05/13,44007861,10267
2023/05/14,44015710,7849
2023/05/15,44025014,9304
2023/05/16,44037358,12344
2023/05/17,44049845,12487
2023/05/18,44062510,12665
2023/05/19,44075060,12550
2023/05/20,44084238,9178
2023/05/21,44091179,6941
2023/05/22,44100476,9297
2023/05/23,44113916,13440
2023/05/24,44128631,14715
2023/05/25,44142779,14148
2023/05/26,44156946,14167
2023/05/27,44168283,11337
2023/05/28,44178054,9771
2023/05/29,44189866,11812
2023/05/30,44205372,15506
2023/05/31,44220136,14764
2023/06/01,44234256,14120
2023/06/02,44247295,13039
2023/06/03,44258504,11209
2023/06/04,44267272,8768
2023/06/05,44278659,11387
2023/06/06,44292471,13812
2023/06/07,44307378,14907
2023/06/08,44323033,15655
2023/06/09,44337846,14813
2023/06/10,44349438,11592
2023/06/11,44358794,9356
2023/06/12,44370846,12052
2023/06/13,44386754,15908
2023/06/14,44402128,15374
2023/06/15,44417078,14950
2023/06/16,44431858,14780
2023/06/17,44443611,11753
2023/06/18,44453231,9620
2023/06/19,44464798,11567
2023/06/20,44478707,13909
2023/06/21,44493164,14457
2023/06/22,44507909,14745
2023/06/23,44522270,14361
2023/06/24,44533504,11234
2023/06/25,44542503,8999
2023/06/26,44554003,11500
2023/06/27,44568325,14322
2023/06/28,44583750,15425
2023/06/29,44600304,16554
2023/06/30,44615131,14827
2023/07/01,44627785,12654
2023/07/02,44637832,10047
2023/07/03,44651632,13800
2023/07/04,44666908,15276
2023/07/05,44680643,13735
2023/07/06,44696328,15685
2023/07/07,44711516,15188
2023/07/08,44723237,11721
2023/07/09,44733498,10261
2023/07/10,44745722,12224
2023/07/11,44760715,14993
2023/07/12,44775791,15076
2023/07/13,44790658,14867
2023/07/14,44804990,14332
2023/07/15,44816141,11151
2023/07/16,44825265,9124
2023/07/17,44837641,12376
2023/07/18,44851410,13769
2023/07/19,44865315,13905
2023/07/20,44880268,14953
2023/07/21,44893835,13567
2023/07/22,44904052,10217
2023/07/23,44912551,8499
2023/07/24,44923501,10950
2023/07/25,44936825,13324
2023/07/26,44950545,13720
2023/07/27,44963559,13014
2023/07/28,44977739,14180
2023/07/29,44987750,10011
2023/07/30,44994928,7178
2023/07/31,45004435,9507
2023/08/01,45017399,12964
2023/08/02,45030184,12785
2023/08/03,45043109,12925
2023/08/04,45056349,13240
2023/08/05,45066494,10145
2023/08/06,45075075,8581
2023/08/07,45085309,10234
2023/08/08,45096361,11052
2023/08/09,45109091,12730
2023/08/10,45121369,12278
2023/08/11,45131259,9890
2023/08/12,45139114,7855
2023/08/13,45145372,6258
2023/08/14,45153069,7697
2023/08/15,45161842,8773
2023/08/16,45171101,9259
2023/08/17,45181317,10216
2023/08/18,45191403,10086
2023/08/19,45198540,7137
2023/08/20,45204638,6098
2023/08/21,45212450,7812
2023/08/22,45222915,10465
2023/08/23,45233246,10331
2023/08/24,45243560,10314
2023/08/25,45253825,10265
2023/08/26,45263178,9353
2023/08/27,45270463,7285
2023/08/28,45279238,8775
2023/08/29,45289531,10293
2023/08/30,45300688,11157
2023/08/31,45311645,10957
2023/09/01,45323154,11509
2023/09/02,45331298,8144
2023/09/03,45337664,6366
2023/09/04,45345351,7687
2023/09/05,45355630,10279
2023/09/06,45366382,10752
2023/09/07,45377655,11273
2023/09/08,45388532,10877
2023/09/09,45396834,8302
2023/09/10,45402550,5716
2023/09/11,45409862,7312
2023/09/12,45420974,11112
2023/09/13,45431502,10528
2023/09/14,45441920,10418
2023/09/15,45452220,10300
2023/09/16,45460528,8308
2023/09/17,45465979,5451
2023/09/18,45473327,7348
2023/09/19,45483475,10148
2023/09/20,45494365,10890
2023/09/21,45505840,11475
2023/09/22,45516568,10728
2023/09/23,45525457,8889
2023/09/24,45530960,5503
2023/09/25,45538595,7635
2023/09/26,45551054,12459
2023/09/27,45565450,14396
2023/09/28,45578779,13329
2023/09/29,45590551,11772
2023/09/30,45601126,10575
2023/10/01,45609951,8825
2023/10/02,45621095,11144
2023/10/03,45634184,13089
2023/10/04,45646698,12514
2023/10/05,45660511,13813
2023/10/06,45672620,12109
2023/10/07,45682431,9811
2023/10/08,45689365,6934
2023/10/09,45697898,8533
2023/10/10,45709191,11293
2023/10/11,45721653,12462
2023/10/12,45733472,11819
2023/10/13,45745936,12464
2023/10/14,45755450,9514
2023/10/15,45761841,6391
2023/10/16,45771220,9379
2023/10/18,45793159,21939
2023/10/19,45804596,11437
2023/10/20,45816733,12137
2023/10/21,45826455,9722
2023/10/22,45832496,6041
2023/10/23,45839105,6609
2023/10/24,45851346,12241
2023/10/25,45862268,10922
2023/10/26,58579829,12717561
2023/10/27,58715567,135738
2023/10/28,58843513,127946
2023/10/29,58951361,107848
2023/10/30,59056785,105424
2023/10/31,59188376,131591
2023/11/01,59319639,131263
2023/11/02,59451950,132311
2023/11/03,59591425,139475
2023/11/04,59728470,137045
2023/11/05,59847792,119322
2023/11/06,59975512,127720
2023/11/07,60118492,142980
2023/11/08,60267003,148511
2023/11/09,60410482,143479
2023/11/10,60554150,143668
2023/11/11,60686333,132183
2023/11/12,60792227,105894
2023/11/13,60899457,107230
2023/11/14,61034500,135043
2023/11/15,61171998,137498
2023/11/16,61315239,143241
2023/11/17,61456847,141608
2023/11/18,61590129,133282
2023/11/19,61692816,102687
2023/11/20,61797700,104884
2023/11/21,61926432,128732
2023/11/22,62058144,131712
2023/11/23,62188188,130044
2023/11/24,62313177,124989
2023/11/25,62433825,120648
2023/11/26,62533582,99757
2023/11/27,62636334,102752
2023/11/28,62768814,132480
2023/11/29,62901365,132551
2023/11/30,63032254,130889
2023/12/01,63162951,130697
2023/12/02,63288360,125409
2023/12/03,63388778,100418
2023/12/04,63494474,105696
2023/12/05,63625867,131393
2023/12/06,63752796,126929
2023/12/07,63876364,123568
2023/12/08,63995671,119307
2023/12/09,64104016,108345
2023/12/10,64199943,95927
2023/12/11,64303123,103180
2023/12/12,64424053,120930
2023/12/13,64543065,119012
2023/12/14,64659750,116685
2023/12/15,64770993,111243
2023/12/16,64875369,104376
2023/12/17,64963424,88055
2023/12/18,65051609,88185
2023/12/19,65157733,106124
2023/12/20,65264419,106686
2023/12/21,65372678,108259
2023/12/22,65477304,104626
2023/12/23,65576012,98708
2023/12/24,65664707,88695
2023/12/25,65754601,89894
2023/12/26,65848917,94316
2023/12/27,65946096,97179
2023/12/28,66040210,94114
2023/12/29,66133551,93341
2023/12/30,66222750,89199
2023/12/31,66306801,84051
2024/01/01,66390710,83909
2024/01/02,66470227,79517
2024/01/03,66557891,87664
2024/01/04,66648898,91007
2024/01/05,66734008,85110
2024/01/06,66822160,88152
2024/01/07,66896823,74663
2024/01/08,66976798,79975
2024/01/09,67071844,95046
2024/01/10,67162013,90169
2024/01/11,67243043,81030
2024/01/12,67324323,81280
2024/01/13,67402887,78564
2024/01/14,67465939,63052
2024/01/15,67531511,65572
2024/01/16,67602483,70972
2024/01/17,67676168,73685
2024/01/18,67750885,74717
2024/01/19,67825086,74201
2024/01/20,67900113,75027
2024/01/21,67954828,54715
2024/01/22,68015754,60926
2024/01/23,68098894,83140
2024/01/24,68183349,84455
2024/01/25,68269489,86140
2024/01/26,68357871,88382
2024/01/27,68438943,81072
2024/01/28,68506272,67329
2024/01/29,68574018,67746
2024/01/30,68658150,84132
2024/01/31,68744429,86279
2024/02/01,68833321,88892
2024/02/02,68920110,86789
2024/02/03,68999702,79592
2024/02/04,69054942,55240
2024/02/05,69110689,55747
2024/02/06,69184765,74076
2024/02/07,69263528,78763
2024/02/08,69335081,71553
2024/02/09,69393388,58307
2024/02/10,69432998,39610
2024/02/11,69457279,24281
2024/02/12,69483804,26525
2024/02/13,69526640,42836
2024/02/14,69569946,43306
2024/02/15,69612403,42457
2024/02/16,69658748,46345
2024/02/17,69698787,40039
2024/02/18,69725259,26472
2024/02/19,69753130,27871
2024/02/20,69793638,40508
2024/02/21,69840097,46459
2024/02/22,69887070,46973
2024/02/23,69934202,47132
2024/02/24,69974799,40597
2024/02/25,70000637,25838
2024/02/26,70027368,26731
2024/02/27,70072132,44764
2024/02/28,70119866,47734
2024/02/29,70166920,47054
2024/03/01,70214284,47364
2024/03/02,70258219,43935
2024/03/03,70287276,29057
2024/03/04,70320023,32747
2024/03/05,70368256,48233
2024/03/06,70416537,48281
2024/03/07,70463638,47101
2024/03/08,70509342,45704
2024/03/09,70548535,39193
2024/03/10,70572842,24307
2024/03/11,70598204,25362
2024/03/12,70642318,44114
2024/03/13,70686005,43687
2024/03/14,70730374,44369
2024/03/15,70774015,43641
2024/03/16,70816162,42147
2024/03/17,70843135,26973
2024/03/18,70871562,28427
2024/03/19,70915758,44196
2024/03/20,70959551,43793
2024/03/21,71006549,46998
2024/03/22,71052228,45679
2024/03/23,71094708,42480
2024/03/24,71119918,25210
2024/03/25,71146554,26636
2024/03/26,71189438,42884
2024/03/27,71234341,44903
2024/03/28,71277356,43015
2024/03/29,71318510,41154
2024/03/30,71349565,31055
2024/03/31,71374038,24473
2024/04/01,71399014,24976
2024/04/02,71437811,38797
2024/04/03,71482155,44344
2024/04/04,71527119,44964
2024/04/05,71572370,45251
2024/04/06,71614620,42250
2024/04/07,71643103,28483
2024/04/08,71674936,31833
2024/04/09,71722876,47940
2024/04/10,71764946,42070
2024/04/11,71809390,44444
2024/04/12,71858447,49057
2024/04/13,71895701,37254
2024/04/14,71920915,25214
2024/04/15,71948378,27463
2024/04/16,71993093,44715
2024/04/17,72040013,46920
2024/04/18,72087056,47043
2024/04/19,72134874,47818
2024/04/20,72176885,42011
2024/04/21,72201543,24658
2024/04/22,72227472,25929
2024/04/23,72276385,48913
2024/04/24,72321781,45396
2024/04/25,72373354,51573
2024/04/26,72418794,45440
2024/04/27,72455124,36330
2024/04/28,72477283,22159
2024/04/29,72500862,23579
2024/04/30,72541237,40375
2024/05/01,72583176,41939
2024/05/02,72618626,35450
2024/05/03,72659776,41150
2024/05/04,72695450,35674
2024/05/05,72720406,24956
2024/05/06,72747444,27038
2024/05/07,72788600,41156
2024/05/08,72833376,44776
2024/05/09,72877238,43862
2024/05/10,72919451,42213
2024/05/11,72958585,39134
2024/05/12,72983464,24879
2024/05/13,73010800,27336
2024/05/14,73055246,44446
2024/05/15,73102009,46763
2024/05/16,73148052,46043
2024/05/17,73194716,46664
2024/05/18,73233212,38496
2024/05/19,73258404,25192
2024/05/20,73284395,25991
2024/05/21,73325010,40615
2024/05/22,73371515,46505
2024/05/23,73417649,46134
2024/05/24,73460630,42981
2024/05/25,73498557,37927
2024/05/26,73521347,22790
2024/05/27,73546585,25238
2024/05/28,73588557,41972
2024/05/29,73635490,46933
2024/05/30,73682727,47237
2024/05/31,73729519,46792
2024/06/01,73770357,40838
2024/06/02,73794094,23737
2024/06/03,73821151,27057
2024/06/04,73871547,50396
2024/06/05,73923526,51979
2024/06/06,73971588,48062
2024/06/07,74020476,48888
2024/06/08,74064511,44035
2024/06/09,74095830,31319
2024/06/10,74132064,36234
2024/06/11,74203361,71297
2024/06/12,74263810,60449
2024/06/13,74317834,54024
2024/06/14,74370802,52968
2024/06/15,74411798,40996
2024/06/16,74436449,24651
2024/06/17,74463708,27259
2024/06/18,74510288,46580
2024/06/19,74558523,48235
2024/06/20,74603372,44849
2024/06/21,74649635,46263
2024/06/22,74692902,43267
2024/06/23,74717287,24385
2024/06/24,74744746,27459
2024/06/25,74789976,45230
2024/06/26,74842562,52586
2024/06/27,74895310,52748
2024/06/28,74947999,52689
2024/06/29,74988441,40442
2024/06/30,75014344,25903
2024/07/01,75043305,28961
2024/07/02,75092040,48735
2024/07/03,75146333,54293
2024/07/04,75195990,49657
2024/07/05,75239347,43357
2024/07/06,75280339,40992
2024/07/07,75310392,30053
2024/07/08,75342043,31651
2024/07/09,75395597,53554
2024/07/10,75449751,54154
2024/07/11,75501810,52059
2024/07/12,75551990,50180
2024/07/13,75593621,41631
2024/07/14,75620048,26427
2024/07/15,75651092,31044
2024/07/16,75705455,54363
2024/07/17,75758945,53490
2024/07/18,75810769,51824
2024/07/19,75860684,49915
2024/07/20,75904530,43846
2024/07/21,75933862,29332
2024/07/22,75964150,30288
2024/07/23,76017500,53350
2024/07/24,76071623,54123
2024/07/25,76123487,51864
2024/07/26,76171191,47704
2024/07/27,76213213,42022
2024/07/28,76241459,28246
2024/07/29,76272782,31323
2024/07/30,76321665,48883
2024/07/31,76372448,50783
2024/08/01,76424688,52240
2024/08/02,76475954,51266
2024/08/03,76518787,42833
2024/08/04,76547596,28809
2024/08/05,76578705,31109
2024/08/06,76629005,50300
2024/08/07,76681465,52460
2024/08/08,76734281,52816
2024/08/09,76785033,50752
2024/08/10,76834434,49401
2024/08/11,76863841,29407
2024/08/12,76894713,30872
2024/08/13,76942528,47815
2024/08/14,76995088,52560
2024/08/15,77045989,50901
2024/08/16,77090891,44902
2024/08/17,77137726,46835
2024/08/18,77167360,29634
2024/08/19,77201041,33681
2024/08/20,77257519,56478
2024/08/21,77312772,55253
2024/08/22,77377113,64341
2024/08/23,77438002,60889
2024/08/24,77489927,51925
2024/08/25,77522073,32146
2024/08/26,77560072,37999
2024/08/27,77616389,56317
2024/08/28,77671692,55303
2024/08/29,77727954,56262
2024/08/30,77782526,54572
2024/08/31,77830198,47672
2024/09/01,77861341,31143
2024/09/02,77896524,35183
2024/09/03,77945327,48803
2024/09/04,77987724,42397
2024/09/05,78018373,30649
2024/09/06,78047831,29458
2024/09/07,78071591,23760
2024/09/08,78087860,16269
2024/09/09,78105891,18031
2024/09/10,78133539,27648
2024/09/11,78162048,28509
2024/09/12,78191262,29214
2024/09/13,78219675,28413
2024/09/14,78244510,24835
2024/09/15,78260076,15566
2024/09/16,78276748,16672
2024/09/17,78306428,29680
2024/09/18,78334889,28461
2024/09/19,78362728,27839
2024/09/20,78390625,27897
2024/09/21,78414977,24352
2024/09/22,78430988,16011
2024/09/23,78448231,17243
2024/09/24,78476167,27936
2024/09/25,78503738,27571
2024/09/26,78531849,28111
2024/09/27,78559330,27481
2024/09/28,78584801,25471
2024/09/29,78601454,16653
2024/09/30,78620118,18664
2024/10/01,78647137,27019
2024/10/02,78675836,28699
2024/10/03,78703323,27487
2024/10/04,78728810,25487
2024/10/05,78750313,21503
2024/10/06,78765861,15548
2024/10/07,78782855,16994
2024/10/08,78813627,30772
2024/10/09,78846374,32747
2024/10/10,78880526,34152
2024/10/11,78916617,36091
2024/10/12,78947013,30396
2024/10/13,78963447,16434
2024/10/14,78981914,18467
2024/10/15,79008924,27010
2024/10/16,79036761,27837
2024/10/17,79067645,30884
2024/10/18,79096125,28480
2024/10/19,79121546,25421
2024/10/20,79137587,16041
2024/10/21,79155547,17960
2024/10/22,79186096,30549
2024/10/23,79219585,33489
2024/10/24,79251065,31480
2024/10/25,79281267,30202
2024/10/26,79306275,25008
2024/10/27,79321843,15568
2024/10/28,79338791,16948
2024/10/29,79368889,30098
2024/10/31,79430406,61517
2024/11/01,79457421,27015
2024/11/02,79480103,22682
2024/11/03,79493507,13404
2024/11/04,79508658,15151
2024/11/05,79538521,29863
2024/11/06,79569787,31266
2024/11/07,79600932,31145
2024/11/08,79632043,31111
2024/11/09,79658372,26329
2024/11/10,79673775,15403
2024/11/11,79691689,17914
2024/11/12,79719399,27710
2024/11/13,79748764,29365
2024/11/14,79778741,29977
2024/11/15,79809987,31246
2024/11/16,79836932,26945
2024/11/17,79852896,15964
2024/11/18,79870054,17158
2024/11/19,79899315,29261
2024/11/20,79930750,31435
2024/11/21,79961210,30460
2024/11/22,79993925,32715
2024/11/23,80021411,27486
2024/11/24,80035963,14552
2024/11/25,80052597,16634
2024/11/26,80085414,32817
2024/11/27,80118688,33274
2024/11/28,80146714,28026
2024/11/29,80170378,23664
2024/11/30,80190609,20231
2024/12/01,80204828,14219
2024/12/02,80220164,15336
2024/12/03,80246229,26065
2024/12/04,80273317,27088
2024/12/05,80301425,28108
2024/12/06,80330239,28814
2024/12/07,80355954,25715
2024/12/08,80371770,15816
2024/12/09,80390282,18512
2024/12/10,80421461,31179
2024/12/11,80451362,29901
2024/12/12,80480776,29414
2024/12/13,80510073,29297
2024/12/14,80533079,23006
2024/12/15,80549727,16648
2024/12/16,80567274,17547
2024/12/17,80595747,28473
2024/12/18,80628444,32697
2024/12/19,80668127,39683
2024/12/20,80705140,37013
2024/12/21,80736308,31168
2024/12/22,80752691,16383
2024/12/23,80770905,18214
2024/12/24,80800920,30015
2024/12/25,80825200,24280
2024/12/26,80848056,22856
2024/12/27,80870246,22190
2024/12/28,80889543,19297
2024/12/29,80907828,18285
2024/12/30,80927497,19669
2024/12/31,80950550,23053
2025/01/01,80972116,21566
2025/01/02,80991993,19877
2025/01/03,81024209,32216
2025/01/04,81082933,58724
2025/01/05,81104831,21898
2025/01/06,81143294,38463
2025/01/07,81179719,36425
2025/01/08,81214611,34892
2025/01/09,81248619,34008
2025/01/10,81289244,40625
2025/01/11,81319898,30654
2025/01/12,81342162,22264
2025/01/13,81364826,22664
2025/01/14,81403696,38870
2025/01/15,81453243,49547
2025/01/16,81503437,50194
2025/01/17,81544469,41032
2025/01/18,81576177,31708
2025/01/19,81597359,21182
2025/01/20,81616868,19509
2025/01/21,81656572,39704
2025/01/22,81704638,48066
2025/01/23,81745173,40535
2025/01/24,81782345,37172
2025/01/25,81821115,38770
2025/01/26,81841768,20653
2025/01/27,81866673,24905
2025/01/28,81908843,42170
2025/01/29,81954709,45866
2025/01/30,81995621,40912
2025/01/31,82031223,35602
2025/02/01,82064458,33235
2025/02/02,82081654,17196
2025/02/03,82101662,20008
2025/02/04,82138338,36676
2025/02/05,82180415,42077
2025/02/06,82219008,38593
2025/02/07,82257568,38560
2025/02/08,82287364,29796
2025/02/09,82304169,16805
2025/02/10,82322743,18574
2025/02/11,82354333,31590
2025/02/12,82387007,32674
2025/02/13,82420273,33266
2025/02/14,82453918,33645
2025/02/15,82482424,28506
2025/02/16,82500099,17675
2025/02/17,82518556,18457
2025/02/18,82551855,33299
2025/02/19,82587045,35190
2025/02/20,82624700,37655
2025/02/21,82678374,53674
2025/02/22,82695527,17153
2025/02/23,82715462,19935
2025/02/24,82734249,18787
2025/02/25,82766061,31812
2025/02/26,82805065,39004
2025/02/27,82850612,45547
